00000000001111100000000000000000
00000000011011111111100000000000
00000000110011000001111000000000
00000011000000000000001110000000
00000110000000000000000111000000
00001100000000000000000011100000
00011000000000000000000001110000
00010000000000000000000000111000
00110000000000000000000000011100
00100000000000000000000000011100
01100000000000000000000000011100
01000000000000000000000000001110
11000000000000000000000000001110
11000000000000000000000000001111
11000000000000000000000000001111
10000000000000000000000000001111
10000000000000000000000000011111
10000000000000000000000000011111
11000000000000000000000000011111
11000000000000000000000000111110
11000000000000000000000000111110
01000000000000000000000001111100
01100000000000000000000011111100
00100000000000000000000111111000
00110000000000000000001111110000
00011000000000000000011111100000
00011100000000000000111111000000
00001110000000000001111110000000
00000111000000000111111100000000
00000001110000001111111000000000
00000000111111111111100000000000
00000000000111111110000000000000
