00000000000000011111111110000000
00000000000011111111111111110000
00000000011110000000001111111000
00000001111000000000000111111100
00000011110000000000000011111110
00000111100000000000000001111110
00001111000000000000000001111111
00001111000000000000000001111111
00011110000000000000000001111111
00011110000000000000000001111111
00111100000000000000000001111111
00111100000000000000000001111111
01111100000000000000000001111110
01111100000000000000000001111110
01111100000000000000000011111100
11111100000000000000000011111100
11111100000000000000000111111000
11111100000000000000000111111000
11111100000000000000000111110000
11111100000000000000001111100000
11111100000000000000011111100000
11111110000000000000011111000000
11111110000000000000111110000000
01111111000000000000111110000000
01111111000000000001111100000000
00111111100000000011111000000000
00111111110000000111110000000000
00011111111000000111100000000000
00011111111100001111000000000000
00001111111111111100000000000000
00000111111111111000000000000000
00000000111111000000000000000000
