00000000111111111100000000000000
00000111111111111111000000000000
00001111111110011111110000000000
00011111111100000111111000000000
00010111111000000011111110000000
00001111110000000001111111000000
00001111110000000000011111100000
00011111100000000000001111110000
00111111000000000000000111111000
00111111000000000000000011111100
01111110000000000000000011111100
01111110000000000000000001111110
01111110000000000000000001111110
01111100000000000000000001111110
11111100000000000000000000111111
11111100000000000000000000111111
11111100000000000000000000111111
11111000000000000000000000111111
11111000000000000000000000111111
11111000000000000000000001111111
11111000000000000000000001111110
11111000000000000000000011111110
01111100000000000000000011111100
01111100000000000000000111111000
01111100000000000000001111110000
01111110000000000000011111100000
00111110000000000000011111000000
00011111000000000000111110000000
00011111100000000001111000000000
00001111111000000111110000000000
00000011111111111110000000000000
00000001111111110000000000000000
