00000000000000111111111110000000
00000000000111111000001111100000
00000000011111000000000011111000
00000001111100000000000000111100
00000011110000000000000000011110
00000111100000000000000000011110
00001111000000000000000000001111
00011110000000000000000000001111
00011100000000000000000000001111
00111000000000000000000000001111
00111000000000000000000000001111
01110000000000000000000000001111
01110000000000000000000000001111
01110000000000000000000000001111
11110000000000000000000000001111
01100000000000000000000000011110
11100000000000000000000000011110
11100000000000000000000000011100
11100000000000000000000000111100
11100000000000000000000001111000
11100000000000000000000011110000
11100000000000000000000011100000
11110000000000000000000111100000
01110000000000000000001111000000
01110000000000000000011110000000
01110000000000000000111000000000
00111000000000000001111000000000
00111100000000000111100000000000
00011110000000001111000000000000
00001111000000011110000000000000
00000011110001111000000000000000
00000000111111100000000000000000
