00000000000001111111111100000000
00000000000001111100111111000000
00000000000011111000001111110000
00000000111111000000000111111000
00000011111100000000000011111100
00000111111000000000000011111110
00000111110000000000000001111110
00001111110000000000000001111111
00001111100000000000000001111111
00011111100000000000000001111111
00011111100000000000000001111111
00011111100000000000000001111111
00111111100000000000000001111111
00111111000000000000000011111111
00111111000000000000000011111110
00111111000000000000000111111100
01111111000000000000000111111100
01111111000000000000001111111000
01111110000000000000011111111000
01111110000000000000011111110000
11111110000000000000111111100000
11111110000000000001111111100000
11111110000000000001111111000000
11111110000000000011111110000000
11111110000000000111111100000000
11111111000000001111111000000000
11111111000000011111110000000000
11111111000000111111100000000000
01111111100001111110000000000000
01111111111111111000000000000000
00111111111111000000000000000000
00011111111000000000000000000000
