00000000000000000011111111000000
00000000000000011111111111110000
00000000000111110000111111111000
00000000001111000000001111111100
00000000011100000000000111111110
00000001111000000000000011111110
00000011110000000000000001111111
00000011100000000000000001111111
00000111100000000000000000111111
00000111000000000000000000111111
00001110000000000000000000111111
00011110000000000000000000011111
00011100000000000000000000011111
00111000000000000000000000011111
01111000000000000000000000011110
01110000000000000000000000111110
01110000000000000000000000011110
11110000000000000000000000011110
11100000000000000000000000011110
11100000000000000000000000011100
11110000000000000000000000111100
11110000000000000000000000111000
11110000000000000000000001111000
11110000000000000000000001110000
01111000000000000000000011110000
00111000000000000000000011100000
00111100000000000000000111000000
00001110000000000000001110000000
00000111100000000000011100000000
00000011111000000000111100000000
00000000011111100001110000000000
00000000000011111111000000000000
