00000000000111111111100000000000
00000000111111111111111110000000
00000011111000001111111111100000
00001111110000000000111111110000
00011111100000000000001111111000
01111111000000000000000111111100
11111111000000000000000001111100
10011110000000000000000001111110
00011110000000000000000000111110
00111100000000000000000000011111
00111100000000000000000000011111
01111000000000000000000000011111
01111000000000000000000000001111
11111000000000000000000000001111
11110000000000000000000000001111
11110000000000000000000000001111
11110000000000000000000000001110
11110000000000000000000000001110
01111000000000000000000000011110
01111000000000000000000000011100
01111000000000000000000000111100
00111000000000000000000000111000
00111100000000000000000001110000
00111100000000000000000001110000
00011110000000000000000011100000
00011111000000000000000111000000
00001111000000000000000111000000
00000111100000000000001110000000
00000011111000000000011100000000
00000001111100000000111000000000
00000000011111111111100000000000
00000000000111111110000000000000
