00000000000000111111111110000000
00000000000111111100000111110000
00000000011111100000000001111000
00000000111110000000000000111100
00000001111100000000000000011110
00000011000000000000000000011110
00000110000000000000000000011111
00001100000000000000000000011111
00011100000000000000000000011111
00111000000000000000000000011111
00110000000000000000000000011111
01110000000000000000000000011111
01100000000000000000000000011111
11100000000000000000000000011110
11100000000000000000000000011110
11100000000000000000000000111110
11100000000000000000000001111100
11100000000000000000000001111100
11100000000000000000000011111000
11100000000000000000000011111000
11100000000000000000000111110000
01100000000000000000001111100000
01100000000000000000011111000000
01110000000000000000111110000000
01110000000000000001111100000000
01110000000000000011111000000000
00111000000000000111110000000000
00111000000000001111100000000000
00011100000000011111000000000000
00001110000001111100000000000000
00000111101111110000000000000000
00000001111111000000000000000000
