00000000000011111111000000000000
00000000011111111111111000000000
00000001111110111111111110000000
00000011111000000111111111100000
00000111100000000000111111110000
00001111000000000000001111111000
00011110000000000000000111111100
00011110000000000000000001111110
00111100000000000000000001111110
00111100000000000000000000111111
01111000000000000000000000011111
01111000000000000000000000011111
11111000000000000000000000001111
11111000000000000000000000001111
11111000000000000000000000001111
11111000000000000000000000001111
11111000000000000000000000001110
11111000000000000000000000001110
11111000000000000000000000001110
01111100000000000000000000011100
01111100000000000000000000011100
00111110000000000000000000111000
00011110000000000000000000111000
00001111000000000000000000110000
00001111000000000000000001110000
00000111100000000000000011100000
00000011110000000000000011000000
00000001111000000000000110000000
00000001111100000000001100000000
00000000011111000000011000000000
00000000001111111111100000000000
00000000000011111110000000000000
