00000000111111111111000000000000
00000011111111111111110000000000
00000111111001111111111000000000
00001111110000011111111100000000
00011111100000000111111110000000
00001111100000000001111111000000
00011111000000000000011111100000
00011111000000000000001111110000
00111110000000000000000111111000
00111110000000000000000111111000
01111100000000000000000011111100
01111100000000000000000001111100
01111100000000000000000001111110
11111100000000000000000000111110
11111100000000000000000000111111
11111100000000000000000000111111
11111100000000000000000000111111
11111100000000000000000000111111
11111110000000000000000000111111
11111110000000000000000000111111
11111111000000000000000000111111
11111111000000000000000000111110
01111111100000000000000000111110
01111111110000000000000001111110
00111111111000000000000001111100
00011111111100000000000001111100
00001111111111000000000011111000
00000111111111110000000111110000
00000011111111111110001111100000
00000000111111111111111110000000
00000000011111111111111000000000
00000000000001111111100000000000
