00000000000001111111100000000000
00000000000111111111111000000000
00000000001110000011111100000000
00000000111110000001111111100000
00000011111000000000011111110000
00000111100000000000001111111000
00001111000000000000001111111100
00011110000000000000000111111110
00011110000000000000000011111110
00111110000000000000000011111111
00111100000000000000000011111111
01111100000000000000000001111111
01111100000000000000000001111111
01111100000000000000000001111111
11111100000000000000000001111111
11111000000000000000000001111110
11111000000000000000000011111110
11111000000000000000000011111110
11111000000000000000000011111100
11111000000000000000000011111100
11111100000000000000000111111000
11111100000000000000000111111000
11111110000000000000001111110000
11111110000000000000001111100000
01111111000000000000011111000000
01111111100000000000111111000000
00111111110000000001111110000000
00111111111100000001111000000000
00011111111111000111110000000000
00001111111111111111000000000000
00000111111111111100000000000000
00000001111111100000000000000000
