00000000000001111000000000000000
00000000000111111110000000000000
00000000011111111111111100000000
00000001111100000111111111000000
00000011111000000000111111100000
00000011111000000000001111110000
00000111110000000000000111111000
00000111100000000000000011111100
00001111100000000000000011111110
00011111000000000000000001111111
00011111000000000000000001111111
00111110000000000000000001111111
00111110000000000000000001111111
01111110000000000000000001111111
01111100000000000000000001111111
01111100000000000000000001111111
11111100000000000000000001111110
11111100000000000000000001111110
11111100000000000000000011111110
11111100000000000000000011111100
11111100000000000000000111111100
11111100000000000000000111111000
11111110000000000000001111110000
11111110000000000000001111110000
11111111000000000000011111100000
11111111000000000000111111000000
01111111100000000001111110000000
01111111110000000011111100000000
00111111111100000111110000000000
00011111111111111111000000000000
00001111111111111100000000000000
00000011111111100000000000000000
