00000001111111100000000000000000
00000011111111111100000000000000
00001111111111111111000000000000
00011100000001111111111000000000
00111100000000011111111110000000
00111100000000000111111111100000
01111100000000000001111111110000
01111100000000000000111111111000
11111000000000000000001111111100
11111000000000000000000011111110
11111000000000000000000001111111
11111000000000000000000000111111
11111000000000000000000000011111
00111000000000000000000000011111
00111000000000000000000000001111
00111100000000000000000000001111
00111100000000000000000000001111
00111100000000000000000000001111
00111100000000000000000000001110
00111100000000000000000000001110
00111100000000000000000000001110
00111110000000000000000000011100
00111110000000000000000000011100
00111111000000000000000000111000
00011111000000000000000000110000
00011111100000000000000001100000
00001111110000000000000011000000
00001111111100000000000110000000
00000111111111000000011100000000
00000011111111111111111000000000
00000001111111111111100000000000
00000000001111111100000000000000
