00000000000011110000000000000000
00000000011111111111000000000000
00000000111111111111111000000000
00000001111111111111111111000000
00000011110000000111111111110000
00000111100000000000111111111000
00000111100000000000011111111100
00001111000000000000000111111110
00011111000000000000000011111110
00011110000000000000000001111111
00011110000000000000000001111111
00111100000000000000000000111111
00111100000000000000000000111111
01111100000000000000000000111111
01111100000000000000000000111111
01111000000000000000000000111110
11111000000000000000000000011110
11111000000000000000000000111110
11111000000000000000000000111100
11111000000000000000000000111000
11111000000000000000000001111000
11111100000000000000000011110000
11111100000000000000000011100000
11111100000000000000000111000000
01111100000000000000001110000000
01111110000000000000011100000000
01111111000000000000111000000000
00111111000000000001110000000000
00011111110000000011000000000000
00001111111100001110000000000000
00000111111111111000000000000000
00000001111111100000000000000000
