00000000000011111111100000000000
00000000011111111111111000000000
00000001111100000111111100000000
00000111110000000001111110000000
00000111110000000000111111000000
00001111100000000000011111100000
00011111000000000000001111110000
00011111000000000000000111111000
00111111000000000000000011111100
00111110000000000000000011111110
01111100000000000000000001111110
01111100000000000000000001111110
01111100000000000000000000111111
11111100000000000000000000111111
11111100000000000000000000111111
11111100000000000000000000111111
11111100000000000000000000111111
11111100000000000000000000111111
11111110000000000000000000111111
11111110000000000000000000111110
11111110000000000000000000111110
01111111000000000000000001111110
01111111000000000000000001111100
00111111100000000000000011111100
00111111110000000000000011111000
00011111111000000000000111110000
00001111111100000000001111100000
00001111111110000000011111000000
00000111111111100000111110000000
00000011111111111111111000000000
00000000111111111111100000000000
00000000001111111100000000000000
