00000000000001111111110110000000
00000000000001111111111111110000
00000000000111110001111111111100
00000000001111000000111111111110
00000000111110000000001111111110
00000011111100000000000111111111
00000111111000000000000111111111
00001111110000000000000011111111
00001111100000000000000011111111
00011111000000000000000011111111
00111111000000000000000011111111
00111110000000000000000011111111
01111110000000000000000011111111
01111100000000000000000011111111
11111100000000000000000011111110
11111100000000000000000011111110
11111100000000000000000111111110
11111100000000000000000111111100
11111100000000000000000111111100
11111100000000000000001111111000
11111110000000000000001111111000
11111110000000000000011111110000
11111111000000000000011111100000
11111111000000000000111111100000
01111111100000000001111111000000
01111111100000000011111110000000
00111111110000000111111100000000
00111111111000001111110000000000
00011111111100011111100000000000
00001111111111111110000000000000
00000111111111111000000000000000
00000011111110000000000000000000
