00000000001111111110000000000000
00000000111111111111110000000000
00000001111111111111111100000000
00000011110000011111111111000000
00000111100000000111111111110000
00000111000000000001111111111100
00001110000000000000011111111110
00011110000000000000000111111111
00111110000000000000000001111111
00111100000000000000000000111111
01111100000000000000000000011111
01111000000000000000000000011111
01111000000000000000000000011111
11111000000000000000000000011111
11111000000000000000000000011111
11110000000000000000000000011111
11110000000000000000000000011110
11110000000000000000000000011110
11110000000000000000000000011100
11110000000000000000000000111100
11110000000000000000000000111000
11110000000000000000000001111000
11110000000000000000000001110000
11110000000000000000000011100000
11111000000000000000000111000000
11111000000000000000000110000000
01111100000000000000001100000000
00111110000000000000111000000000
00011111100000000001110000000000
00001111111000000111000000000000
00000011111111111100000000000000
00000000111111110000000000000000
