00000000000000111111000000000000
00000111111111111111111100000000
00111100011111111111111111000000
00000000111111111111111111100000
00000001111111000011111111111000
00000011111110000001111111111000
00000111111110000000011111111100
00000111111100000000011111111100
00001111111000000000001111111110
00011111111000000000000111111110
00011111110000000000000111111111
00111111110000000000000111111111
00111111100000000000000011111111
01111111100000000000000011111111
01111111100000000000000011111111
01111111000000000000000011111111
11111111000000000000000011111110
11111111000000000000000111111110
11111111000000000000000111111110
11111111000000000000000111111100
11111111000000000000001111111000
11111111000000000000011111111000
11111111000000000000011111110000
11111111000000000000111111100000
11111111100000000001111110000000
01111111100000000011111100000000
01111111110000001111111000000000
01111111111000011111110000000000
00111111111100111111110000000000
00011111111111111111000000000000
00001111111111111100000000000000
00000011111111000000000000000000
