00000000111111000000000000000000
00000011110001100000000000000000
00001110000000011000000000000000
00011000000000001100000000000000
00110000000000000110000000000000
00000000000000000011000000000000
00000000000000000011000000000000
10000000000000000001100000000000
00000000000000000001100000000000
00000000000000000000110000000000
00000000000000000000110000000000
00000000000000000000110000000000
00000000000000000000110000000000
00000000000000000001110000000000
00000000000000000001110000000000
00000000000000000001110000000000
00000000000000000011110000000000
00000000000000000111100000000000
00000000000000000111100000000000
00000000000000001111000000000000
00000000000000011110000000000000
00000000000000111110000000000000
00000000000001111100000000000000
00000000000011111000000000000000
00000000000111110000000000000000
00000000011111100000011100000000
00000000111111111111111111111000
00000011111111111111111111111100
00001111111111111111111111111110
00111111111111111111111111111111
00011111111100000000000000000011
00001110000000000000000000000000
