00000000001111100000000000000000
00000001111111110000000000000000
00000111111111111000000000000000
00011111111111111100000000000000
00111111100000111110000000000000
11111110000000001110000000000000
11111000000000000011000000000000
11110000000000000011000000000000
01100000000000000011100000000000
00000000000000000011100000000000
00000000000000000001100000000000
00000000000000000011100000000000
00000000000000000011100000000000
00000000000000000011100000000000
00000000000000000011100000000000
00000000000000000011100000000000
00000000000000000111100000000000
00000000000000000111000000000000
00000000000000001111000000000000
00000000000000011110000000000000
00000000000000111110000000000000
00000000000001111100000000000000
00000000000011111000000000000000
00000000000111110000000000000000
00000000011111100000000000000000
00000001111111000000000000000000
00000111111100000000000000000000
00011111111111111111100000000000
01111111111111111111111111111111
11111111111111110000001111111111
01111111111110000000000000000000
00111111000000000000000000000000
