00000000000011111000000000000000
00000000011111111110000000000000
00000011111111111111100000000000
00000111111000000001110000000000
00001111100000000000111000000000
00011110000000000000011100000000
00111100000000000000011100000000
01111000000000000000011110000000
01110000000000000000001110000000
01110000000000000000001110000000
11100000000000000000001110000000
11100000000000000000011110000000
11100000000000000000011110000000
01110000000000000000011110000000
00110000000000000000111110000000
00000000000000000000111110000000
00000000000000000001111100000000
00000000000000000011111100000000
00000000000000000111111000000000
00000000000000001111111000000000
00000000000000011111110000000000
00000000000000111111100000000000
00000000000001111111000000000000
00000000000111111110000000000000
00000000001111111100000000000000
00000000111111111000000000000000
00000111111111111111111111100000
01111111111111111111111111110000
11111111111111111111111111111100
11111111111111111111111111111110
00111111111110000000001111111111
00000000000000000000000000001111
