00000011111111000000000000000000
00001110000011110000000000000000
00011000000000011100000000000000
00110000000000001100000000000000
01100000000000000110000000000000
01000000000000000110000000000000
11000000000000000110000000000000
11000000000000000110000000000000
10000000000000000110000000000000
00000000000000000110000000000000
00000000000000000100000000000000
00000000000000001100000000000000
00000000000000001100000000000000
00000000000000011000000000000000
00000000000000011000000000000000
00000000000000110000000000000000
00000000000000110000000000000000
00000000000000100000000000000000
00000000000001100000000000000000
00000000000011000000000000000000
00000000000011000000000000000000
00000000000110000000000000000000
00000000001100000000000000000000
00000000011100000000000000000000
00000000011000000000000000000000
00000000110000000000000000000000
00000001100000000000000000000000
00000011000000000000111111111111
00000110000000111111111111111111
00011111111111111111111000000111
11111111111111100000000000000000
11111110000000000000000000000000
