00000000011111111000000000000000
00000001111000001111000000000000
00000111000000000001100000000000
00001100000000000000110000000000
00011000000000000000111000000000
01100000000000000000011000000000
01000000000000000000011100000000
11000000000000000000001100000000
10000000000000000000001100000000
00000000000000000000001100000000
00000000000000000000001100000000
00000000000000000000001100000000
00000000000000000000001100000000
00000000000000000000011000000000
00000000000000000000011000000000
00000000000000000000111000000000
00000000000000000000110000000000
00000000000000000001100000000000
00000000000000000001100000000000
00000000000000000011000000000000
00000000000000000110000000000000
00000000000000001100000000000000
00000000000000011100000000000000
00000000000000111000000000000000
00000000000001110000000000000000
00000000000011000000000000000000
00000000001110000000000000000000
00000000011100000000000000000000
00000001111000000000000000000000
00000111111111111111111111111111
01111111111111111111111111111110
01111111111100000000000000000110
