00000000000111111111110000000000
00000000111111111111111100000000
00000111111100000000001110000000
00011111100000000000000111100000
00111110000000000000000011110000
00111100000000000000000011110000
01111000000000000000000011111000
01110000000000000000000011111000
00110000000000000000000011111000
00011100000000000000000011111000
00000111000000000000000111111000
00000000100000000000001111111000
00000000000000000000011111111000
00000000000000000000011111111000
00000000000000000000111111110000
00000000000000000001111111100000
00000000000000000011111111100000
00000000000000000111111111000000
00000000000000001111111110000000
00000000000000011111111100000000
00000000000000111111111100000000
00000000000001111111110000000000
00000000000111111111111111100000
00000000001111111111111111111000
00000000011111111111111111111110
00000001111111111111111111111111
00000111111111111111111111111111
00011111111111111111110000000000
11111111111111111110000000000000
01111111111111110000000000000000
00111111111111000000000000000000
00001111111000000000000000000000
