00000000000001111110000000000000
00000000000111000011100000000000
00000000001100000000110000000000
00000000010000000000110000000000
00000000100000000000011000000000
00000001000000000000011000000000
00000011000000000000011000000000
00000010000000000000011000000000
00000010000000000000011000000000
00000010000000000000011000000000
00000010000000000000011000000000
00000001000000000000011000000000
00000000000000000000010000000000
00000000000000000000110000000000
00000000000000000001110000000000
00000000000000000001100000000000
00000000000000000011100000000000
00000000000000000011000000000000
00000000000000000111000000000000
00000000000000001110000000000000
00000000000000011100000000000000
00000000000000011000000000000000
00000000000000110000000000000000
00000000000011110000000000000000
00000000000111000000000000000000
00000000001110000000000000000000
00000000111100000000000111110000
00000011110000001111111111111100
00001111100111111111111111111111
00111111111111111111110000000111
11111111111111000000000000000000
11111110000000000000000000000000
