00000000011111110000000000000000
00000001111111111000000000000000
00000011100000001100000000000000
00001110000000000110000000000000
00011100000000000110000000000000
00111000000000000111000000000000
00110000000000000111000000000000
00100000000000000111000000000000
00110000000000000111000000000000
00000000000000000110000000000000
00000000000000001110000000000000
00000000000000001110000000000000
00000000000000011100000000000000
00000000000000011000000000000000
00000000000000111000000000000000
00000000000000110000000000000000
00000000000001110000000000000000
00000000000011100000000000000000
00000000000111000000000000000000
00000000000111000000000000000000
00000000001110000000000000000000
00000000001100000000000000000000
00000000011000000000000000000000
00000000110000000000000000000000
00000011100000000000000000000000
00000111000000000000000000000000
00001110000000000000000000000000
00111100000000000000000000000000
11111000011011111111111111111000
11111111111111111111111111111110
00111111111111111111111111111111
00000000000000000000000000000111
