00000000011111000000000000000000
00000000111111100000000000000000
00000011111011110000000000000000
00000111100000011000000000000000
00000111000000001100000000000000
00001110000000001100000000000000
00011100000000001100000000000000
00011000000000001100000000000000
00011000000000001110000000000000
00011000000000001110000000000000
00011000000000001110000000000000
00000000000000011100000000000000
00000000000000011100000000000000
00000000000000011100000000000000
00000000000000111100000000000000
00000000000000111000000000000000
00000000000000111000000000000000
00000000000001110000000000000000
00000000000011110000000000000000
00000000000011100000000000000000
00000000000111000000000000000000
00000000001111000000000000000000
00000000011110000000000000000000
00000000011100000000000000000000
00000001111000000000000000000000
00000011110000000000001111111000
00000011110000011111111111111100
00001111111111111111111111111110
00111111111111111111111111111111
11111111111111111111111111111111
11111111111110000000000011111111
11111000000000000000000000000000
