00000000001111100000000000000000
00000000111111111000000000000000
00000001111000011100000000000000
00000111100000001110000000000000
00001111000000001110000000000000
00001110000000001110000000000000
00011100000000001110000000000000
00011000000000000110000000000000
00111000000000000110000000000000
00111000000000001110000000000000
00011000000000001110000000000000
00011100000000001110000000000000
00000000000000001110000000000000
00000000000000011110000000000000
00000000000000011110000000000000
00000000000000011100000000000000
00000000000000111100000000000000
00000000000000111100000000000000
00000000000001111000000000000000
00000000000001111000000000000000
00000000000011110000000000000000
00000000000111110000000000000000
00000000001111100000000000000000
00000000001111000000000000000000
00000000011111000000000000000000
00000000111110000000000000000000
00000001111100000000000000000000
00000111111000111111111100000000
00001111111111111111111111111000
11111111111111111111111111111110
11111111111111110000011111111111
01111000000000000000000000001111
