00000000011111110000000000000000
00000001111111111000000000000000
00000011111100111100000000000000
00000111110000011110000000000000
00001111100000011111000000000000
00011111000000001111000000000000
00011110000000001111100000000000
00111100000000001111100000000000
00111100000000001111100000000000
00011000000000001111100000000000
00000000000000001111100000000000
00000000000000001111110000000000
00000000000000001111100000000000
00000000000000001111100000000000
00000000000000011111100000000000
00000000000000011111100000000000
00000000000000011111000000000000
00000000000000111111000000000000
00000000000001111110000000000000
00000000000001111100000000000000
00000000000011111100000000000000
00000000000111111000000000000000
00000000001111110000000000000000
00000000011111100000000000000110
00000000111111000000000111111111
00000001111110001111111111111111
00000011111111111111111111111111
00000111111111111111111111000000
00011111111111111100000000000000
11111111111100000000000000000000
11111111000000000000000000000000
01111100000000000000000000000000
