00001111111100000000000000000000
00111111111111000000000000000000
11110000011111000000000000000000
11000000000111100000000000000000
00000000000111100000000000000000
00000000000011100000000000000000
00000000000011110000000000000000
00000000000011110000000000000000
00000000000011110000000000000000
00000000000011110000000000000000
00000000000011110000000000000000
00000000000011100000000000000000
00000000000011100000000000000000
00000000000011100000000000000000
00000000000011100000000000000000
00000000000111000000000000000000
00000000000111000000000000000000
00000000000110000000000000000000
00000000001110000000000000000000
00000000001110000000000000000000
00000000001100000000000000000000
00000000011100000000000000000000
00000000111000000000000000000000
00000000111000000000000000000000
00000001110000000000000000000000
00000001100000000000000000000000
00000011100000000000000000000000
00000111000000000000001111111111
00001110000000011111111111111111
00111111111111111111111111111111
01111111111111111110000000000000
01111111111100000000000000000000
