00000000001111111100000000000000
00000011111111111110000000000000
00001111111111111111100000000000
00111111111111111111100000000000
01111000111111111111110000000000
01100000000001111111110000000000
00000000000000111111110000000000
00000000000000011111110000000000
00000000000000011111110000000000
00000000000000001111100000000000
00000000000000001111100000000000
00000000000000001111000000000000
00000000000000011111000000000000
00000000000000011110000000000000
00000000000000011100000000000000
00000000000000111100000000000000
00000000000000111000000000000000
00000000000001110000000000000000
00000000000011100000000000000000
00000000000111000000000000000000
00000000001110000000000000000000
00000000011100000000000000000000
00000000111000000000000000000000
00000001110000000000000000000000
00000011100000000000000000000000
00000111000000000000000000000000
00001110001111111111111110000001
00111111111111111111111111111111
01111111111111111111111111111111
11111111111111111111111111111110
11111111111111111111111111111100
01000000000111111111111111110000
