00000001111111100000000000000000
00000111111111111000000000000000
00001110000001111100000000000000
00111100000000111110000000000000
01111000000000011110000000000000
01100000000000001110000000000000
11100000000000000111000000000000
11000000000000000111000000000000
11000000000000000111000000000000
00000000000000000111000000000000
00000000000000001110000000000000
00000000000000001110000000000000
00000000000000001110000000000000
00000000000000011100000000000000
00000000000000011100000000000000
00000000000000111000000000000000
00000000000000110000000000000000
00000000000001110000000000000000
00000000000011100000000000000000
00000000000111000000000000000000
00000000000111000000000000000000
00000000001110000000000000000000
00000000011100000000000000000000
00000000111000000000000000000000
00000000111000000000000000000000
00000001110000000000000000000000
00000011100000000000000000000000
00000111000000000000000011111110
00011110000000000000111111111111
00111111100011111111111111111111
00111111111111111111111000001110
00111111111111111000000000000000
