00000000000111111110000000000000
00000001111100000111100000000000
00000111000000000000111000000000
00011000000000000000011100000000
00100000000000000000001110000000
01100000000000000000001100000000
01000000000000000000011100000000
00000000000000000000011100000000
00000000000000000000111000000000
00000000000000000000110000000000
00000000000000000001100000000000
00000000000000000111000000000000
00000000000000011111100000000000
00000000001111111111111111000000
00000001111111111000000011110000
00000111111111100000000000111100
00001111111110000000000000011110
00000111110000000000000000001110
00000000000000000000000000001111
00000000000000000000000000001111
00000000000000000000000000001111
00000000000000000000000000011111
00000000000000000000000000011110
00000000000000000000000001111100
00000000000000000000000011111100
00000000000000000000001111111000
00000000000000000000011111100000
00000000000000000001111111000000
11000000000000000111111100000000
01111000000000111111111000000000
00001111111111111111000000000000
00000001111111111000000000000000
