00000000000000111111110000000000
00000000000111111101111110000000
00000000001110000000000011100000
00000000111000000000000000110000
00000000110000000000000000011000
00000000000000000000000000011000
00000000000000000000000000111000
00000000000000000000000001111000
00000000000000000000000011110000
00000000000000000000000111100000
00000000000000000000001111000000
00000000000000000000011110000000
00000000000000000011111000000000
00000000000000001111110000000000
00000000011111111111111111000000
00000001111111111111111111110000
00000000111110000000000011111000
00000000000000000000000000011100
00000000000000000000000000000110
00000000000000000000000000000111
00000000000000000000000000000111
00000000000000000000000000001111
00000000000000000000000000001111
00000000000000000000000000011111
00000000000000000000000001111110
00000000000000000000000011111100
00000000000000000000001111111000
10000000000000000001111111100000
01110000000000001111111110000000
00111111111111111111111000000000
00001111111111111111100000000000
00000001111111111100000000000000
