00000000000000111111111000000000
00000000000011111100111110000000
00000000000000000000000011000000
00000000000000000000000001110000
00000000000000000000000000110000
00000000000000000000000001111000
00000000000000000000000001110000
00000000000000000000000111100000
00000000000000000000001111000000
00000000000000000000111100000000
00000000000000000111110000000000
00000000000000111111000000000000
00000000111111111111000000000000
00000000111111111111111110000000
00000000000000000111111111100000
00000000000000000000000011110000
00000000000000000000000000011100
00000000000000000000000000011110
00000000000000000000000000011111
00000000000000000000000000111111
00000000000000000000000011111111
00000000000000000000000111111110
00000000000000000000001111111100
00000000000000000000111111111000
00000000000000000011111111110000
00000000000000001111111111000000
00000000000000111111111100000000
00000000000111111111111000000000
00000001111111111111000000000000
00011111111111111100000000000000
11111111111111100000000000000000
00111111111100000000000000000000
