00000000000111111111100000000000
00000000111100000001111100000000
00000000000000000000001110000000
00000000000000000000000111000000
00000000000000000000000111000000
00000000000000000000000111000000
00000000000000000000000110000000
00000000000000000000001110000000
00000000000000000000011100000000
00000000000000000000111000000000
00000000000000000001110000000000
00000000000000000011100000000000
00000000000000001110000000000000
00000000000000111111100000000000
00000000011111110000011111000000
00000001111110000000000001110000
00000000000000000000000000011100
00000000000000000000000000000110
00000000000000000000000000000011
00000000000000000000000000000011
00000000000000000000000000000011
00000000000000000000000000000011
00000000000000000000000000000110
00000000000000000000000000001100
00000000000000000000000000011000
00000000000000000000000001110000
00000000000000000000000111000000
00000000000000000000011100000000
00000000000000000001110000000000
00000000000000000111000000000000
11000000000001111000000000000000
00111111111111000000000000000000
