00000000000011111111111100000000
00000000000001000000001111100000
00000000000000000000000000111000
00000000000000000000000000001110
00000000000000000000000000000111
00000000000000000000000000000011
00000000000000000000000000000111
00000000000000000000000000001111
00000000000000000000000000011100
00000000000000000000000001111000
00000000000000000000000111100000
00000000000000000001111110000000
00000000111111111111111000000000
00000000011111111111111111000000
00000000000000000000000111110000
00000000000000000000000000111100
00000000000000000000000000001110
00000000000000000000000000000111
00000000000000000000000000000111
00000000000000000000000000000111
00000000000000000000000000000111
00000000000000000000000000001110
00000000000000000000000000011110
00000000000000000000000000111000
11000000000000000000000001110000
11000000000000000000000111100000
11000000000000000000011110000000
11000000000000000001111000000000
11100000000000000111100000000000
11110000000001111110000000000000
00111111111111111000000000000000
00011111111110000000000000000000
