00000000000000000111111110000000
00000000000001111111111111000000
00000000000011111111111111110000
00000000000111111110000001111000
00000000000111110000000000111100
00000000000111100000000000011100
00000000000111000000000000011110
00000000000111100000000000011110
00000000000011100000000000011111
00000000000011110000000000011111
00000000000000111000000000011111
00000000000000000000000000011111
00000000000000000000000000011111
00000000000000000000000000111111
00000000000000000000000001111111
00000000000000000000000011111111
00000000000000000000001111111111
00000000000000000001111111111110
00000000000000011111111111111100
00000000001111111111111111100000
00000000000111111111111100000000
00000000000011111111111111000000
00000000000000000001111111110000
00000000000000000000000111111000
00000000000000000000011111111100
00000000000000000000111111111100
10000000000000000001111111100000
11000000000000000111111100000000
01110000000000111111110000000000
00111000011111111111000000000000
00011111111111111000000000000000
00000111111100000000000000000000
