00000000000001111111110010000000
00000000000111111111111111000000
00000000011100000000001111100000
00000000010000000000000011110000
00000000000000000000000001111000
00000000000000000000000001111100
00000000000000000000000001111100
00000000000000000000000001111100
00000000000000000000000011111100
00000000000000000000001111111100
00000000000000000000111111111000
00000000000000000011111111110000
00000000000000001111111111100000
00000000000000011111111111111000
00000000000000111111111000011110
00000000000011111111100000000011
00000000000011000000000000000001
00000000000000000000000000000001
00000000000000000000000000000010
00000000000000000000000000000100
00000000000000000000000000011000
00000000000000000000000000110000
00000000000000000000000011000000
00000000000000000000000110000000
00000000000000000000011000000000
00000000000000000001110000000000
00000000000000000111000000000000
00000000000000011100000000000000
00000000000001110000000000000000
00000000000111000000000000000000
00000000111000000000000000000000
01111111000000000000000000000000
