00000000000001111111100000000000
00000000000111100000111000000000
00000000001110000000001100000000
00000000011100000000000110000000
00000000111000000000000011000000
00000000110000000000000011000000
00000000011000000000000011100000
00000000011100000000000011100000
00000000000100000000000011100000
00000000000000000000000011110000
00000000000000000000000011110000
00000000000000000000000011100000
00000000000000000000000111100000
00000000000000000000001111100000
00000000000000000000011111000000
00000000000000000000111110000000
00000000000000111111111100000000
00000000000111111111111110000000
00000000001111111111111111100000
00110000000111111100000001111000
01100000000000000000000000111100
11100000000000000000000000011110
11100000000000000000000000011111
11100000000000000000000000011111
11100000000000000000000000111111
01110000000000000000000000111110
01110000000000000000000001111110
00111100000000000000000011111100
00001111000000000000001111111000
00000011111110000000111111110000
00000000011111111111111111100000
00000000000001111111111110000000
