00000000000000000111111111110000
00000000000001111111111111111000
00000000000001111000000000011100
00000000000000000000000000011100
00000000000000000000000000011100
00000000000000000000000000011000
00000000000000000000000000011000
00000000000000000000000000111000
00000000000000000000000001110000
00000000000000000000000011100000
00000000000000000000000111000000
00000000000000000000011110000000
00000000000000000000111100000000
00000000000000000011110000000000
00000000000000001111100001000000
00000000000001111111111111111000
00000000000011111111001101111110
00000000000000000000000000001111
00000000000000000000000000000111
00000000000000000000000000000111
00000000000000000000000000000011
00000000000000000000000000000011
00000000000000000000000000000111
00000000000000000000000000001111
00000000000000000000000000011110
00000000000000000000000001111100
00000000000000000000000011110000
00000000000000000000001111100000
10000000000000000001111100000000
11110000000000001111110000000000
11111111111111111110000000000000
00111111111111110000000000000000
