00000000000000000000011100000000
00000000000011000000011110000000
00000000000111000000111110000000
00000000000111000000111110000000
00000000001110000001111100000000
00000000011100000001111100000000
00000000111000000001111100000000
00000000111000000011111000000000
00000011110000000111111000000000
00000011100000000111111000000000
00000111000000001111111000000000
00001110000000001111110000000000
00111100000000001111110000000000
11111101111111111111111111110000
01111111111111111111111111111110
00000111111111111111111111111111
00000000000000011111100000000000
00000000000000011111100000000000
00000000000000011111100000000000
00000000000000011111100000000000
00000000000000011111000000000000
00000000000000011111000000000000
00000000000000011111000000000000
00000000000000011111000000000000
00000000000000011110000000000000
00000000000000011110000000000000
00000000000000011110000000000000
00000000000000111110000000000000
00000000000000111100000000000000
00000000000000011100000000000000
00000000000000011100000000000000
00000000000000011100000000000000
