00000000000000000000000011100000
00000000000000000000000011100000
00000000000000000000000111100000
00000000000110000000000111000000
00000000001110000000001111000000
00000000001100000000001110000000
00000000011100000000001110000000
00000000111000000000011110000000
00000000110000000000011100000000
00000001110000000000111100000000
00000011100000000000111100000000
00000111000000000001111100000000
00001110000000000111111111110000
00011100000111111111111111111100
11111111111111111111111111111111
11111111111111111111111000000000
00001100000000000111111000000000
00000000000000000111111000000000
00000000000000000111111000000000
00000000000000000111111000000000
00000000000000001111111000000000
00000000000000001111111000000000
00000000000000001111111000000000
00000000000000001111111000000000
00000000000000001111110000000000
00000000000000011111110000000000
00000000000000011111110000000000
00000000000000011111100000000000
00000000000000011111100000000000
00000000000000011111100000000000
00000000000000011111100000000000
00000000000000000111100000000000
