00000000000000000000011000000000
00000000001000000000011100000000
00000000011100000000011000000000
00000000011000000000011000000000
00000000111000000000111000000000
00000000110000000000111000000000
00000001110000000000111000000000
00000001100000000000111000000000
00000011100000000000111000000000
00000011000000000000111000000000
00000111000000000001111000000000
00001110000000000001111000000000
00001110000000000001111000000000
00011100000000000001111111111000
00111000000000001111111111111110
00111000000001111111111111111111
01110000011111111111111111111110
11100111111111111111111000000000
11111111111111000011110000000000
01111111100000000011110000000000
00000000000000000111110000000000
00000000000000000111110000000000
00000000000000000111110000000000
00000000000000000111110000000000
00000000000000000111110000000000
00000000000000000111110000000000
00000000000000000111110000000000
00000000000000000111110000000000
00000000000000000111111000000000
00000000000000000111111000000000
00000000000000000011111000000000
00000000000000000000111000000000
