00000000000010000000000111000000
00000000001111000000000111000000
00000000001111000000001111000000
00000000011110000000001111000000
00000000011100000000001111000000
00000000111100000000001111000000
00000000111000000000011110000000
00000001110000000000011110000000
00000011110000000000111110000000
00000111100000000000111110000000
00001111000000000000111110000000
00011110000000000000111110000000
00111100000000000001111110000000
01111000000000000001111110000000
11111111111111111111111111111000
00111111111111111111111111111110
00000011111111111011111100000111
00000000000000000001111100000000
00000000000000000011111100000000
00000000000000000011111000000000
00000000000000000011111000000000
00000000000000000011111000000000
00000000000000000011111000000000
00000000000000000111110000000000
00000000000000000111110000000000
00000000000000000111110000000000
00000000000000000111110000000000
00000000000000000111100000000000
00000000000000000111100000000000
00000000000000000111100000000000
00000000000000000111000000000000
00000000000000000011000000000000
