00000000000000000011100000000000
00000000000000000111100000000000
00000000000000000111100000000000
00000001110000000111100000000000
00000001100000000111100000000000
00000001100000000111100000000000
00000011100000000111100000000000
00000011000000000111100000000000
00000111000000000111100000000000
00000110000000000111100000000000
00001100000000000111100000000000
00011000000000001111111111111111
00111111111111111111111111111111
01111111111111111111111111111100
11111111111111111111111111111000
11111110000000000111110000000000
00000000000000000111110000000000
00000000000000000111110000000000
00000000000000000011110000000000
00000000000000000011110000000000
00000000000000000011110000000000
00000000000000000011110000000000
00000000000000000001110000000000
00000000000000000001110000000000
00000000000000000001111000000000
00000000000000000000111000000000
00000000000000000000111000000000
00000000000000000000111000000000
00000000000000000000011000000000
00000000000000000000011100000000
00000000000000000000001100000000
00000000000000000000001100000000
