00000000000000011100000000000000
00000000001000011100000000000000
00000000011000011100000000000000
00000000011000011100000000000000
00000000110000011100000000000000
00000000110000011000000000000000
00000001100000011000000000000000
00000011000000011000000000000000
00000110000000011000000000000000
00000110000000111000000000000000
00001100000000111100000000000000
00011000000000111100000000000000
00110000000000111100000000000000
01100000000000111100000000000000
11100000001111111111111111111111
11111111111111111111111111111100
01111111111111111111111111111000
00000100000001111000000000000000
00000000000001111000000000000000
00000000000001111000000000000000
00000000000001111000000000000000
00000000000011111000000000000000
00000000000011111000000000000000
00000000000011111000000000000000
00000000000011111000000000000000
00000000000011111000000000000000
00000000000011111000000000000000
00000000000011111000000000000000
00000000000011111000000000000000
00000000000011111000000000000000
00000000000011110000000000000000
00000000000001100000000000000000
