00000000000000000000110000000000
00000000000000000001110000000000
00000000011000000001110000000000
00000000011000000001110000000000
00000000110000000001110000000000
00000000110000000001110000000000
00000001100000000011110000000000
00000011000000000011110000000000
00000011000000000011110000000000
00000110000000000011110000000000
00001100000000000011111111111111
00011000011111111111111111111110
00111111111111111111111111111100
11111111111111110011111000000000
11111110000000000011111000000000
00000000000000000001111000000000
00000000000000000001111000000000
00000000000000000001111000000000
00000000000000000001111000000000
00000000000000000001111000000000
00000000000000000001111000000000
00000000000000000001111000000000
00000000000000000001111000000000
00000000000000000001111000000000
00000000000000000000111100000000
00000000000000000000111100000000
00000000000000000000111100000000
00000000000000000000011100000000
00000000000000000000011100000000
00000000000000000000011100000000
00000000000000000000001100000000
00000000000000000000001100000000
