00000000110000000001100000000000
00000001110000000011100000000000
00000001100000000011100000000000
00000011000000000011100000000000
00000011000000000011100000000000
00000110000000000011100000000000
00001110000000000011100000000000
00001100000000000011100000000000
00011000000000000011100000000000
00110000000000000011100000000000
01110000000000000011110000000000
11111111111111111111111111111111
11111111111111111111111111111110
00000000000000000011110000111000
00000000000000000011110000000000
00000000000000000011111000000000
00000000000000000011111100000000
00000000000000000001111100000000
00000000000000000001111100000000
00000000000000000001111100000000
00000000000000000001111110000000
00000000000000000001111110000000
00000000000000000001111110000000
00000000000000000001111110000000
00000000000000000000111111000000
00000000000000000000111111000000
00000000000000000000111111000000
00000000000000000000111111000000
00000000000000000000111111000000
00000000000000000000111111000000
00000000000000000000011110000000
00000000000000000000011000000000
