00000000010000000000011000000000
00000000111000000000010000000000
00000001110000000000110000000000
00000001110000000000110000000000
00000011100000000000110000000000
00000011100000000000110000000000
00000111000000000000110000000000
00000110000000000000110000000000
00001100000000000001110000000000
00011000000000000001110000000000
00111000000000000001111111111111
01110000000011111111111111111111
11111111111111110001100000000000
00000000000000000001100000000000
00000000000000000001100000000000
00000000000000000011100000000000
00000000000000000011100000000000
00000000000000000011100000000000
00000000000000000011100000000000
00000000000000000011100000000000
00000000000000000011100000000000
00000000000000000111100000000000
00000000000000000111100000000000
00000000000000000111100000000000
00000000000000000111100000000000
00000000000000000111100000000000
00000000000000001111100000000000
00000000000000001111100000000000
00000000000000001111100000000000
00000000000000001111100000000000
00000000000000001111100000000000
00000000000000000011100000000000
