00000000000000000000110000000000
00000000000000000001110000000000
00000000000000000001111000000000
00000000000011000001111000000000
00000000000111000001110000000000
00000000000110000001110000000000
00000000001100000001110000000000
00000000011000000001111000000000
00000000111000000001111000000000
00000000110000000001111000000000
00000001100000000001111000000000
00000011100000000001111000000000
00000011000000000001111100000000
00000110000000000001111100000111
00001100000000000001111111111111
00011000000001111111111111111110
00111111111111111111111111111000
01111111111111111111111111110000
11111111111111110001111100000000
11111111100000000001111100000000
00000000000000000001111100000000
00000000000000000001111100000000
00000000000000000000111100000000
00000000000000000000111110000000
00000000000000000000111110000000
00000000000000000000111110000000
00000000000000000000111110000000
00000000000000000000011110000000
00000000000000000000011110000000
00000000000000000000011110000000
00000000000000000000011110000000
00000000000000000000001100000000
