00000000000000000110000000000000
00000000000000000110000000000000
00000000000000000110000000000000
00000000000001100110000000000000
00000000000011000110000000000000
00000000000011000110000000000000
00000000000110000110000000000000
00000000000110001110000000000000
00000000001100001110000000000000
00000000011000001110000000000000
00000000011000001110000000000000
00000000110000001110000000000000
00000001100000001110000000000000
00000001100000001110000000000000
00000011000000001110000000000000
00000110000000001110000000001111
00001100000000001111001111111111
00011000000000001111111111111110
00111000000001111111111111100100
01110000011111111111000000000000
11111111111111101111000000000000
11111111110000001111000000000000
00000000000000001111000000000000
00000000000000001111100000000000
00000000000000001111100000000000
00000000000000001111100000000000
00000000000000001111100000000000
00000000000000000111100000000000
00000000000000000111110000000000
00000000000000000111100000000000
00000000000000000111000000000000
00000000000000000010000000000000
