00000000000000000000111000000000
00000000001100000000111000000000
00000000011110000000111000000000
00000000011110000001111000000000
00000000111100000001111000000000
00000000111100000001111000000000
00000001111000000001110000000000
00000001110000000001111000000000
00000011110000000001111000000000
00000111100000000001111000000000
00011111000000000011111000000000
00111110000000111111111111111000
01111111111111111111111111111110
11111111111111111111111111111111
11111111111111100111111000000000
00000000000000000111111000000000
00000000000000000111111100000000
00000000000000000111111100000000
00000000000000000111111100000000
00000000000000000111111100000000
00000000000000000111111100000000
00000000000000000011111100000000
00000000000000000011111100000000
00000000000000000011111100000000
00000000000000000011111100000000
00000000000000000011111100000000
00000000000000000011111100000000
00000000000000000001111100000000
00000000000000000001111000000000
00000000000000000001111000000000
00000000000000000001111000000000
00000000000000000000111000000000
