00000000000000001100000000000000
00000000000000001100000000000000
00000000000000001100000000000000
00000000110000001000000000000000
00000001100000001000000000000000
00000001100000011000000000000000
00000001100000011000000000000000
00000011000000011000000000000000
00000011000000011000000000000000
00000110000000011000000000000000
00000100000000011000000000000000
00001100000000011000000000000000
00011000000000011000000000000000
00110000000000011000000000000000
01100000000000011000000000000000
11100000000000111111111111111111
11111111111111111111111111111111
00111111111100011100000000000000
00000000000000011110000000000000
00000000000000011110000000000000
00000000000000001111000000000000
00000000000000001111000000000000
00000000000000001111000000000000
00000000000000001111000000000000
00000000000000001111100000000000
00000000000000001111100000000000
00000000000000000111110000000000
00000000000000000111110000000000
00000000000000000111110000000000
00000000000000000111110000000000
00000000000000000111100000000000
00000000000000000011000000000000
