00000000000000000011100000000000
00000000000000000011100000000000
00000000010000000011100000000000
00000000111000000111110000000000
00000001111000000111110000000000
00000001110000000111110000000000
00000011110000000111110000000000
00000011100000000111110000000000
00000111000000000111100000000000
00001111000000001111100000000000
00011110000000001111100000000000
00111100000000001111100000001110
01111000000000111111111111111111
11111111111111111111110000011000
01111110000000001111110000000000
00000000000000001111110000000000
00000000000000011111110000000000
00000000000000011111110000000000
00000000000000011111110000000000
00000000000000011111110000000000
00000000000000011111110000000000
00000000000000011111110000000000
00000000000000011111110000000000
00000000000000111111110000000000
00000000000000111111110000000000
00000000000000111111100000000000
00000000000000111111100000000000
00000000000000111111100000000000
00000000000000111111100000000000
00000000000000111111110000000000
00000000000000111111110000000000
00000000000000111110000000000000
