00000000000000000011100000000000
00000000000000000111100000000000
00000000100000000111100000000000
00000001100000000111100000000000
00000011100000000111100000000000
00000011000000001111000000000000
00000111000000001111000000000000
00000110000000001111000000000000
00001110000000001111000000000000
00001100000000001111000000000000
00011000000000001111000000000000
00111000000000001111000000000000
01111111000000011111100000000000
11111111111111111111111111111100
11111111111111111111111111111111
01111111111111111111111111111110
00000000000000001111101111111000
00000000000000001111000000000000
00000000000000001111000000000000
00000000000000001111000000000000
00000000000000001111000000000000
00000000000000011111000000000000
00000000000000001111000000000000
00000000000000001111000000000000
00000000000000001110000000000000
00000000000000001110000000000000
00000000000000001110000000000000
00000000000000001110000000000000
00000000000000001110000000000000
00000000000000001110000000000000
00000000000000001110000000000000
00000000000000000110000000000000
