00000011000000000001000000000000
00000011000000000011000000000000
00000010000000000111000000000000
00000110000000000111000000000000
00000110000000000111000000000000
00000100000000000111000000000000
00001100000000000111000000000000
00001100000000000111000000000000
00011000000000000111000000000000
00011000000000000111100000000000
00110000000000000111100000000000
00110000000000000111100000000000
01100000000000000111111111111111
11111111111111111111111111111111
11111111111111111111111111111110
11111111111111111111111110111100
00000000000000000011110000000000
00000000000000000011110000000000
00000000000000000001110000000000
00000000000000000001111000000000
00000000000000000001111000000000
00000000000000000000111000000000
00000000000000000000111000000000
00000000000000000000011000000000
00000000000000000000011100000000
00000000000000000000011100000000
00000000000000000000001100000000
00000000000000000000001100000000
00000000000000000000001100000000
00000000000000000000001110000000
00000000000000000000000110000000
00000000000000000000000100000000
