00000000000000000000110000000000
00000000000000000001110000000000
00000000000000000001100000000000
00000000110000000001100000000000
00000001100000000011100000000000
00000011100000000011100000000000
00000011000000000011000000000000
00000011000000000011100000000000
00000111000000000011100000000000
00000110000000000011100000000000
00001110000000000111100000000000
00001100000000000111100000000000
00011000000000000111100000000000
00111000000000000111100000000000
01110000000000000111110000000000
11111111111111111111111111111111
11111111111111111111111111111111
01111111111111111111111111111100
00011111111111100011111000111000
00000000000000000011110000000000
00000000000000000011111000000000
00000000000000000001111000000000
00000000000000000001111000000000
00000000000000000001111000000000
00000000000000000000111000000000
00000000000000000000111000000000
00000000000000000000111000000000
00000000000000000000111000000000
00000000000000000000110000000000
00000000000000000000110000000000
00000000000000000000110000000000
00000000000000000001100000000000
