00000000000000000111000000000000
00000000000000000110000000000000
00000000000000001110000000000000
00000000110000001110000000000000
00000001110000001100000000000000
00000001100000001100000000000000
00000011100000011100000000000000
00000011000000011100000000000000
00000110000000011100000000000000
00000110000000011110000000000000
00001100000000011110000000000000
00011000000000011110000000000000
00110000000000011110000000000000
01100000000000011111000000000000
11111111111111111111111111111111
11111111111111111111111111111111
00000000000000011111111111111100
00000000000000011111000000000000
00000000000000011111100000000000
00000000000000011111100000000000
00000000000000011111100000000000
00000000000000001111100000000000
00000000000000001111100000000000
00000000000000001111100000000000
00000000000000000111100000000000
00000000000000000111100000000000
00000000000000000011110000000000
00000000000000000001110000000000
00000000000000000001110000000000
00000000000000000000111000000000
00000000000000000000001000000000
00000000000000000000000000000000
