00000000000000000011100000000000
00000001100000000111100000000000
00000011100000000111100000000000
00000111100000000111100000000000
00000111100000000111100000000000
00000111000000001111100000000000
00000111000000001111100000000000
00001111000000001111100000000000
00001110000000001111100000000000
00001110000000001111100000000000
00011100000000001111100000000000
00011100000000000111100000000000
00111100000000001111111111111000
01111111111111111111111111111111
11111111111111111111111111111110
11111111111111111111111111111100
00111111111100000111110000000000
00000000000000000011110000000000
00000000000000000011110000000000
00000000000000000001110000000000
00000000000000000001110000000000
00000000000000000001110000000000
00000000000000000000110000000000
00000000000000000000110000000000
00000000000000000000110000000000
00000000000000000000111000000000
00000000000000000000111000000000
00000000000000000000011000000000
00000000000000000000011000000000
00000000000000000000001000000000
00000000000000000000001000000000
00000000000000000000001000000000
