00000000000000000011000000000000
00000000000000000111000000000000
00000000000000000111000000000000
00000000110000000111000000000000
00000001100000000111000000000000
00000011100000000111000000000000
00000011000000000111000000000000
00000110000000000110000000000000
00000110000000000111000000000000
00001100000000000111000000000000
00011100000000001111000000000000
00011000000000001111000000000000
00110000000000001111000000000000
01111000011110111111111111111111
11111111111111111111111111111111
00111111111111111111111111111110
00000000000000001111100000001100
00000000000000000111100000000000
00000000000000000111110000000000
00000000000000000111110000000000
00000000000000000111110000000000
00000000000000000111110000000000
00000000000000000111111000000000
00000000000000000111111000000000
00000000000000000011111100000000
00000000000000000011111100000000
00000000000000000011111100000000
00000000000000000011111110000000
00000000000000000001111111000000
00000000000000000001111110000000
00000000000000000000111100000000
00000000000000000000011000000000
