00000000000111000000000000000000
00000000000110000000000000000000
00000000001100000000000000000000
00000000011000000000000000000000
00000000011000000000000000000000
00000000110000000000000000000000
00000001111111111100000000000000
00000001111111111111111111111100
00000011111111111111111111111111
00000111000000011111111111111100
00000110000000000000000001110000
00001110000000000000000000000000
00011100000000000000000000000000
00011100000000000000000000000000
00111000000000000000000000000000
01111000000000000000000000000000
01111111111111111110000000000000
11111111111111111111111100000000
11111111111111111111111111000000
00011100000001111111111111110000
00000000000000000011111111111000
00000000000000000000111111111000
00000000000000000000001111111000
00000000000000000000000111111000
00000000000000000000000111111000
00000000000000000000000111110000
00000000000000000000000111100000
00001111000000000000001111000000
00011111111100111111111110000000
00011111111111111111111000000000
00001111111111111111000000000000
00000001111111111000000000000000
