00000001110000000000000000000000
00000001110000001111000000000000
00000001111111111111111111111111
00000011111111111111111111111110
00000111111100000000000000011100
00000111110000000000000000000000
00000001100000000000000000000000
00000011100000000000000000000000
00000011100000000000000000000000
00000011000000000000000000000000
00000111000000000000000000000000
00000111000000000000000000000000
00001111100000000000000000000000
00001111111000000000000000000000
00001111111111000000000000000000
00000111111111110000000000000000
00000001111111111110000000000000
00000000011111111111100000000000
00000000000111111111110000000000
00000000000000111111111000000000
00000000000000001111111000000000
00000000000000000111111000000000
00000000000000000011110000000000
00000000000000000011100000000000
00000000000000000111000000000000
00000000000000001110000000000000
01000000000000011100000000000000
01110000000011111000000000000000
11111111111111100000000000000000
01111111111111000000000000000000
01111111111100000000000000000000
00111111110000000000000000000000
