00000000000000000001111111111111
00000000000000111111000000000011
00000000000001100000000000000000
00000000000001000000000000000000
00000000000011000000000000000000
00000000000010000000000000000000
00000000000010000000000000000000
00000000000110000000000000000000
00000000000100000000000000000000
00000000001100000000000000000000
00000000001000000000000000000000
00000000011000000000000000000000
00000000010000000000000000000000
00000000110000000000000000000000
00000000110000000000000000000000
00000000111111000000000000000000
00000000011111111100000000000000
00000000000000000110000000000000
00000000000000000011000000000000
00000000000000000001100000000000
00000000000000000001100000000000
00000000000000000001100000000000
00000000000000000001100000000000
00000000000000000001100000000000
00000000000000000001100000000000
00000000000000000001000000000000
00000000000000000011000000000000
00000000000000001110000000000000
11100000000000011100000000000000
01111000000011110000000000000000
00111111111111000000000000000000
00001111111100000000000000000000
