00000001111111111111111111111111
00000111111111111111111111111111
00001111111111111111111111111110
00011111111111111111111111110000
00001111100000000000000000000000
00001111100000000000000000000000
00001111100000000000000000000000
00001111000000000000000000000000
00011111000000000000000000000000
00011111000000000000000000000000
00011110000000000000000000000000
00011110000000000000000000000000
00111110000000000000000000000000
00111111000000000000000000000000
00111111110000000000000000000000
01111111111111000000000000000000
01111111111111111100000000000000
00111111111111111111100000000000
00001111111111111111110000000000
00000000111111111111110000000000
00000000000000011111110000000000
00000000000000000111110000000000
00000000000000000111100000000000
00000000000000000111000000000000
00000000000000001110000000000000
00000000000000011100000000000000
00000000000000111000000000000000
00000000000011100000000000000000
11000000001111000000000000000000
11111111111110000000000000000000
01111111111000000000000000000000
00111111100000000000000000000000
