00000000111000000000000000000000
00000001111011111111111100000000
00000001111111111111111111111111
00000111111111111111111111111110
00000111111000000000000000111100
00000011110000000000000000000000
00000011100000000000000000000000
00000111100000000000000000000000
00000111100000000000000000000000
00001111000000000000000000000000
00001111000000000000000000000000
00011110000000000000000000000000
00011111000000000000000000000000
00011111111000000000000000000000
00011111111111000000000000000000
00001111111111110000000000000000
00000111111111111110000000000000
00000001111111111111100000000000
00000000001111111111110000000000
00000000000001111111111000000000
00000000000000011111111100000000
00000000000000001111111100000000
00000000000000000111111000000000
00000000000000000011111000000000
00000000000000000011110000000000
00000000000000000111100000000000
11000000000000001111000000000000
11110000000000011100000000000000
11111100000001111000000000000000
01111111111111100000000000000000
00111111111110000000000000000000
00011111111000000000000000000000
