00000110000000000000000000000000
00000110000000000000000000000000
00000111111111100000000000000000
00001111111111111111111111111111
00001100000000000000000000011111
00001100000000000000000000000000
00001000000000000000000000000000
00011000000000000000000000000000
00011000000000000000000000000000
00010000000000000000000000000000
00110000000000000000000000000000
00110000000000000000000000000000
00100000000000000000000000000000
01110000000000000000000000000000
00111111100000000000000000000000
00001111111100000000000000000000
00000000011110000000000000000000
00000000000111100000000000000000
00000000000011110000000000000000
00000000000001111000000000000000
00000000000000111000000000000000
00000000000000111100000000000000
00000000000000011000000000000000
00000000000000111000000000000000
00000000000000110000000000000000
00000000000001110000000000000000
00000000000011100000000000000000
00000000000111000000000000000000
00000000011110000000000000000000
11000011111000000000000000000000
11111111110000000000000000000000
01111111000000000000000000000000
