00000000000000000000011111000000
00000000000000000001111000000000
00000000000000000111100000000000
00000000000000011111000000000000
00000000000000111100000000000000
00000000000001111000000000000000
00000000000011110000000000000000
00000000001111000000000000000000
00000000011110000000000000000000
00000000111100000000000000000000
00000001111000000000000000000000
00000011110000000000000000000000
00000111100000000000000000000000
00001111000000000000000000000000
00001111000000000000000000000000
00011110000000001111111100000000
00111100001111111111111111110000
00111111111100000000000000111100
01111111000000000000000000011110
01111100000000000000000000011111
01111000000000000000000000011111
11110000000000000000000000011111
11110000000000000000000000011111
11110000000000000000000000111110
11110000000000000000000001111100
11110000000000000000000111111000
11110000000000000000001111110000
01111000000000000000111111000000
01111000000000000011111100000000
00011110000000011111110000000000
00001111110111111111000000000000
00000001111111110000000000000000
