00000000000000000001111110000000
00000000000000000111111000000000
00000000000000011111000000000000
00000000000001111110000000000000
00000000000011111000000000000000
00000000000111110000000000000000
00000000011111100000000000000000
00000000111111000000000000000000
00000001111110000000000000000000
00000011111100000000000000000000
00000111111000000000000000000000
00001111110000000000000000000000
00001111100000000000000000000000
00011111100000000000000000000000
00111111000000000000000000000000
01111111011111111111111100000000
01111111111110000000000111110000
11111111000000000000000001111100
11111100000000000000000000111110
11111100000000000000000000111111
11111100000000000000000000111111
11111100000000000000000000111111
11111100000000000000000000111111
11111110000000000000000000111111
01111110000000000000000001111111
01111111000000000000000001111110
00111111000000000000000011111110
00011111100000000000000111111100
00001111110000000000001111111000
00000111111100000000011111110000
00000001111111110111111111000000
00000000001111111111111000000000
