00000000000000000000001111111100
00000000000000000000111111100011
00000000000000000011111100000000
00000000000000000111110000000000
00000000000000011111100000000000
00000000000000111110000000000000
00000000000011111000000000000000
00000000000111110000000000000000
00000000001111100000000000000000
00000000111110000000000000000000
00000001111100000000000000000000
00000011111000000000000000000000
00000111110000000000000000000000
00001111100000000000000000000000
00001111000000000000000000000000
00011111000000000000000000000000
00111110000000000000000000000000
00111100000111111111111110000000
00111111111111000000000111111000
01111111100000000000000000111100
01111000000000000000000000011111
11111000000000000000000000001111
11110000000000000000000000011111
11110000000000000000000000111110
11110000000000000000000001111100
11110000000000000000000011110000
11110000000000000000001111100000
11110000000000000000111110000000
11111000000000000011111000000000
01111000000000011111100000000000
00011110000111111100000000000000
00000111111111100000000000000000
