00000000000000000001111111000000
00000000000000000011111111100000
00000000000000000111111110000000
00000000000000011111111000000000
00000000000001111111100000000000
00000000000111111110000000000000
00000000001111111100000000000000
00000000011111111000000000000000
00000001111111100000000000000000
00000011111111000000000000000000
00000111111111000000000000000000
00001111111110000000000000000000
00011111111100000000000000000000
00111111111100000000000000000000
00111111111100000000000000000000
00111111111000000000000000000000
01111111111000000000000000000000
11111111110000000001111111000000
11111111110000001111111111111100
11111111110001111111111100111110
11111111111111111100000000011111
11111111111111000000000000111111
01111111111000000000000000111111
01111111000000000000000001111110
01111111000000000000000011111110
00111111000000000000000011111100
00111111100000000000000111111000
00011111111000000000011111110000
00001111110000000000111111100000
00000011100000000111111111000000
00000000111111111111111100000000
00000000000111111111110000000000
