00000000000000000000000000111110
00000000000000000000000111111111
00000000000000000000011111111111
00000000000000000011111111111111
00000000000000001111111111110000
00000000000000011111111110000000
00000000000001111111111000000000
00000000000011111111100000000000
00000000001111111110000000000000
00000000011111111000000000000000
00000000111111110000000000000000
00000001111111100000000000000000
00000011111110000000000000000000
00000111111100000000000000000000
00001111111111000000000000000000
00011111111111111110000000000000
01111111111111111111100000000000
11111111111111111111110000000000
11111111000000000001111000000000
01111110000000000000011000000000
11111100000000000000011100000000
11111000000000000000011100000000
11111000000000000000011100000000
11110000000000000000111000000000
11110000000000000001111000000000
11100000000000000011110000000000
11100000000000000111100000000000
11100000000000011111000000000000
01110000000011111110000000000000
00111101111111111000000000000000
00011111111111000000000000000000
00001111111100000000000000000000
