00000000000000000000001111111000
00000000000000000001111111111100
00000000000000000111111111111110
00000000000000011111111111111110
00000000000001111111111110000000
00000000000011111111110000000000
00000000000111111110000000000000
00000000011111111100000000000000
00000000111111110000000000000000
00000001111111100000000000000000
00000011111111000000000000000000
00000111111110001111110000000000
00001111111111111111111111110000
00001111111111111111111111111100
00011111111111111111111111111110
00111111111111111111100000111111
00111111111110000000000000000111
01111111110000000000000000000111
01111110000000000000000000001111
11111110000000000000000000001111
11111100000000000000000000011111
11111100000000000000000000111110
11111000000000000000000001111100
11111000000000000000000011111000
11111000000000000000001111100000
11110000000000000000111110000000
11110000000000000011111100000000
01110000000000011111110000000000
01111000000011111110000000000000
00111111111111111000000000000000
00011111111111100000000000000000
00000111111110000000000000000000
