00000000000000000000000000011111
00000000000000000000000001110000
00000000000000000000000110000000
00000000000000000000011000000000
00000000000000000001110000000000
00000000000000000111000000000000
00000000000000001110000000000000
00000000000000111000000000000000
00000000000000110000000000000000
00000000000001100000000000000000
00000000000011000000000000000000
00000000000110000000000000000000
00000000001110000000000000000000
00000000011100000000000000000000
00000000111000000000000000000000
00000000111000000011111000000000
00000000110011111100000011110000
00000001111110000000000000011000
00000011110000000000000000001100
00001111110000000000000000000110
00110001110000000000000000000110
11000001100000000000000000000110
10000000100000000000000000000110
00000000100000000000000000001100
00000000110000000000000000001100
00000000110000000000000000011000
00000000110000000000000000110000
00000000010000000000000001100000
00000000011000000000000011000000
00000000001100000000001110000000
00000000000111000000111000000000
00000000000001111111100000000000
