00000000000000000000000111111111
00000000000000000000111111111111
00000000000000000011111000000000
00000000000000001111100000000000
00000000000000011110000000000000
00000000000000111000000000000000
00000000000011110000000000000000
00000000000111000000000000000000
00000000001110000000000000000000
00000000011100000000000000000000
00000000111001111111111000000000
00000001111111111111111110000000
00000011111111111111111111100000
00000111111111110000000111110000
00001111111000000000000000111000
00011111000000000000000000011000
00011100000000000000000000001100
00111000000000000000000000011100
00111000000000000000000000011100
01110000000000000000000000111100
01110000000000000000000000111000
01110000000000000000000001110000
11100000000000000000000011110000
11100000000000000000000111100000
11100000000000000000001111000000
11100000000000000000011110000000
11100000000000000000111100000000
11110000000000000011111000000000
01110000000000011111110000000000
00111111111111111111000000000000
00001111111111111100000000000000
00000011111111110000000000000000
