00000000000000000000111111100000
00000000000000000011111111100000
00000000000000000111111111100000
00000000000000011111111111100000
00000000000000111111111110000000
00000000000011111111100000000000
00000000000111111111000000000000
00000000001111111100000000000000
00000000011111111000000000000000
00000000111111110000000000000000
00000001111111000000000000000000
00000011111110000000000000000000
00000111111100000000000000000000
00001111111111111111111111000000
00001111111111111111111111111000
00111111111111111111111111111100
11111111111111000000000000111110
11111111000000000000000000000111
01111111000000000000000000000011
00111110000000000000000000000011
00111110000000000000000000000111
00111100000000000000000000001111
00111100000000000000000000011110
00111100000000000000000000111100
00111100000000000000000001110000
00011100000000000000000111100000
00011100000000000000011111000000
00001100000000000001111100000000
00001110000000000111110000000000
00000111100000111111000000000000
00000001111111111100000000000000
00000000111111110000000000000000
