00000000000000000000000000111111
00000000000000000000000011110000
00000000000000000000001110000000
00000000000000000000111000000000
00000000000000000011100000000000
00000000000000001110000000000000
00000000000000011000000000000000
00000000000001110000000000000000
00000000000011100000000000000000
00000000000110000000000000000000
00000000011100000000000000000000
00000000111000000000000000000000
00000001110000000000000000000000
00000011100000000000000000000000
00000111000000000000000000000000
00000110000000000000000000000000
00001100000000000000000000000000
00011000000000000000000000000000
00111000011111111111111000000000
00111111111100000000011111000000
01111000000000000000000011100000
11100000000000000000000001110000
01100000000000000000000001110000
01100000000000000000000001100000
11100000000000000000000001100000
01100000000000000000000011000000
01100000000000000000000110000000
01110000000000000000011100000000
00111000000000000001111000000000
00011100000000000111100000000000
00001111111011111110000000000000
00000001111111110000000000000000
