00000000000000000000000011111110
00000000000000000000011111111111
00000000000000000001111111111111
00000000000000000111111111100000
00000000000000011111111000000000
00000000000001111111100000000000
00000000000111111110000000000000
00000000001111111100000000000000
00000000011111110000000000000000
00000000111111100000000000000000
00000001111110000000000000000000
00000111111100000000000000000000
00000111111000000000000000000000
00001111110000000000000000000000
00011111111111110000000000000000
00111111111111111100000000000000
00111111111111111111000000000000
01111111111110000111100000000000
01111111100000000001110000000000
01111100000000000000111000000000
11111100000000000000011100000000
11111000000000000000011100000000
11111000000000000000011100000000
11110000000000000000011100000000
11110000000000000000111000000000
11110000000000000001110000000000
11110000000000000011100000000000
11100000000000001111000000000000
01100000000000011110000000000000
01110000000001111000000000000000
00111111111111100000000000000000
00001111111110000000000000000000
