00000000000000000000000000111110
00000000000000000000000011111111
00000000000000000000001111111111
00000000000000000000111111111111
00000000000000000011111111111000
00000000000000000111111111100000
00000000000000011111111110000000
00000000000000111111111000000000
00000000000001111111110000000000
00000000000111111111000000000000
00000000001111111110000000000000
00000000011111111100000000000000
00000001111111110000000000000000
00000011111111100000000000000000
00000111111111000000000000000000
00001111111111111111100000000000
00011111111111111111111000000000
00111111111111100011111110000000
00111111110000000000000111000000
01111111000000000000000111100000
01111110000000000000000111100000
11111110000000000000001111100000
11111100000000000000011110000000
11111000000000000000111100000000
11111000000000000001111000000000
11111000000000000011110000000000
11110000000000000111100000000000
11110000000000011111000000000000
01110000000000111100000000000000
00111000000111111000000000000000
00011111111111100000000000000000
00000111111100000000000000000000
