00000000000000000000000000111111
00000000000000000000000111111000
00000000000000000000011111000000
00000000000000000001111100000000
00000000000000000111100000000000
00000000000000011110000000000000
00000000000000111000000000000000
00000000000011110000000000000000
00000000000111000000000000000000
00000000011110000000000000000000
00000000111000000000000000000000
00000001110000000000000000000000
00000011100000000000000000000000
00000111000000000000000000000000
00001110000000000000000000000000
00011100000000000000000000000000
00111000000000001110000000000000
00110000001111111111111000000000
01110001111111111111111110000000
01110111111111000000001111000000
11111111110000000000000011100000
11111110000000000000000011110000
11111100000000000000000011111000
11100000000000000000000111111000
11100000000000000000001111111000
11100000000000000000011111111000
11100000000000000001111111110000
01100000000000000111111111100000
01110000000000111111111110000000
00111100000011111111111100000000
00001111111111111111100000000000
00000000111111111110000000000000
