00000000000000000000000000011111
00000000000000000000000011110000
00000000000000000000001110000000
00000000000000000000011000000000
00000000000000000001110000000000
00000000000000000011000000000000
00000000000000001110000000000000
00000000000000011000000000000000
00000000000000110000000000000000
00000000000001100000000000000000
00000000000011000000000000000000
00000000000110000000000000000000
00000000001100000000000000000000
00000000011000000000000000000000
00000000011000000000000000000000
00000000110000000000000000000000
00000001111111111111000000000000
00000011110000000001111000000000
00001111000000000000001100000000
00111011000000000000000110000000
11100011000000000000000110000000
10000110000000000000000111000000
00000110000000000000000111000000
00000110000000000000000110000000
00000110000000000000000110000000
00000110000000000000001110000000
00000011000000000000001100000000
00000011000000000000011000000000
00000011100000000000111000000000
00000001110000000011100000000000
00000000111100001111000000000000
00000000001111111100000000000000
