00000000000000000000000000111110
00000000000000000000000011111111
00000000000000000000001111111110
00000000000000000000111111110000
00000000000000000011111111000000
00000000000000001111111100000000
00000000000000111111110000000000
00000000000011111111000000000000
00000000001111111100000000000000
00000000011111111000000000000000
00000000111111100000000000000000
00000011111111000000000000000000
00000111111110000000000000000000
00000111111100000000000000000000
00001111110000000000000000000000
00001111110000000000000000000000
00011111100000000000000000000000
00011111000000000000000000000000
00011110001111111111111110000000
00111111111111111111111111110000
00111111111111111000000000111100
01111111111100000000000000011110
11111111100000000000000000011111
11111110000000000000000000111111
11111100000000000000000000111110
11111100000000000000000001111100
11111100000000000000000111111000
01111110000000000000001111110000
00111111000000000001111111000000
00011111100000001111111100000000
00000111111111111111110000000000
00000000111111111110000000000000
