00000000000000000000000000111110
00000000000000000000000011111111
00000000000000000000001111111111
00000000000000000000011111111110
00000000000000000001111111110000
00000000000000000111111111000000
00000000000000001111111100000000
00000000000000011111111000000000
00000000000001111111100000000000
00000000000011111110000000000000
00000000000111111100000000000000
00000000011111111000000000000000
00000000111111100000000000000000
00000001111111000000000000000000
00000011111110000000000000000000
00001111111111110000000000000000
01111111111111111110000000000000
00001111100000000111000000000000
00011111000000000001110000000000
00111110000000000000111000000000
00111100000000000000011000000000
01111000000000000000001100000000
11110000000000000000001100000000
11110000000000000000011100000000
11100000000000000000011000000000
11100000000000000000110000000000
11100000000000000000110000000000
11100000000000000001100000000000
01100000000000000011000000000000
00110000000000001110000000000000
00011100000000111100000000000000
00000111111111110000000000000000
