00000000000000000000000000111110
00000000000000000000000011111111
00000000000000000000001111111100
00000000000000000001111111100000
00000000000000000111111110000000
00000000000000001111111000000000
00000000000000111111110000000000
00000000000001111111000000000000
00000000000011111110000000000000
00000000000111111100000000000000
00000000001111111000000000000000
00000000001111110000000000000000
00000000011111100000000000000000
00000000111111000000000000000000
00000001111111000000000000000000
00000011111110000000000000000000
00000011111100111111100000000000
00000111111111111111111110000000
00000111111111110000000111000000
00001111111000000000000001110000
01111111100000000000000000110000
11111111100000000000000000111000
00011111000000000000000000111000
00011110000000000000000000111000
00011110000000000000000000110000
00011100000000000000000001110000
00011100000000000000000001100000
00011110000000000000000111000000
00001110000000000000001110000000
00000111000000000000111000000000
00000001110000000111100000000000
00000000011111111110000000000000
