00000000000000000000011110000000
00000000000000000000111111000000
00000000000000000011111111000000
00000000000000000111111000000000
00000000000000011111100000000000
00000000000000111110000000000000
00000000000001111100000000000000
00000000000111111000000000000000
00000000001111110000000000000000
00000000011111000000000000000000
00000000111110000000000000000000
00000001111100000000000000000000
00000011111111111111111111000000
00000111111111111111111111110000
00001111111111111111111111111000
00011111111111111000000000011100
00111111111110000000000000000110
00111111111000000000000000000111
01111111000000000000000000000111
01111110000000000000000000000111
01111100000000000000000000001111
11111100000000000000000000001111
11111000000000000000000000011110
11111000000000000000000000111100
11111000000000000000000001111100
11111000000000000000000011111000
01111000000000000000001111100000
01111000000000000000111111000000
00111100000000000011111100000000
00001111100000011111111000000000
00000111111111111111100000000000
00000001111111111100000000000000
