00000000000000000000000111111000
00000000000000000000111111111110
00000000000000000111111111111111
00000000000001111111111111111111
00000000001111111111111111111111
00000001111111111111110001111111
00011111111111111110000011111110
11111111111111110000000011111110
01111111111110000000000011111100
00011111110000000000000011111100
00000000000000000000000111111100
00000000000000000000000111111000
00000000000000000000000111111000
00000000000000000000001111110000
00000000000000000000001111100000
00000000000000000000001111100000
00000000000000000000001111100000
00000000000000000000001111100000
00000000000000000000011111000000
00000000000000000000011111000000
00000000000000000000011111000000
00000000000000000000011110000000
00000000000000000000011110000000
00000000000000000000011100000000
00000000000000000000011100000000
00000000000000000000011100000000
00000000000000000000111000000000
00000000000000000000111000000000
00000000000000000000111000000000
00000000000000000000111000000000
00000000000000000000111000000000
00000000000000000000111000000000
