11000000000000000000000000000000
01110000000000000111111111110000
00011111111111111111111111111100
00000111111111111111111111111111
00000000111111111111111111111111
00000000000000000000000001111111
00000000000000000000000011111111
00000000000000000000000011111110
00000000000000000000000011111110
00000000000000000000000011111110
00000000000000000000000111111100
00000000000000000000000111111100
00000000000000000000000111111000
00000000000000000000000111111000
00000000000000000000001111110000
00000000000000000000001111110000
00000000000000000000001111100000
00000000000000000000001111100000
00000000000000000000001111000000
00000000000000000000001111000000
00000000000000000000011110000000
00000000000000000000011110000000
00000000000000000000011110000000
00000000000000000000011100000000
00000000000000000000011100000000
00000000000000000000011100000000
00000000000000000000011100000000
00000000000000000000011100000000
00000000000000000000001100000000
00000000000000000000001100000000
00000000000000000000001110000000
00000000000000000000001110000000
