00000000000000000000000001111000
00000000000000000000000111111110
00000000000000000000111111111111
00000000000000000111111111111111
00000000000000011111111111111111
00000000000011111111111100111111
00000000011111111111110000111111
11101111111111111110000000111111
11111111111111111000000000111110
00111111111111000000000000111110
00001111111000000000000000111110
00000000000000000000000000111100
00000000000000000000000001111100
00000000000000000000000001111100
00000000000000000000000001111100
00000000000000000000000001111000
00000000000000000000000001110000
00000000000000000000000001110000
00000000000000000000000001110000
00000000000000000000000001100000
00000000000000000000000001100000
00000000000000000000000011100000
00000000000000000000000011100000
00000000000000000000000011100000
00000000000000000000000001100000
00000000000000000000000001100000
00000000000000000000000001100000
00000000000000000000000001100000
00000000000000000000000001110000
00000000000000000000000001110000
00000000000000000000000000111000
00000000000000000000000000111000
