00000000000000000000111111111110
11000000000011111111111111111111
01111111111111111100000000001110
00000000000000000000000000011110
00000000000000000000000000111110
00000000000000000000000000111100
00000000000000000000000001111000
00000000000000000000000011111000
00000000000000000000000011110000
00000000000000000000000011110000
00000000000000000000000111110000
00000000000000000000000111100000
00000000000000000000001111100000
00000000000000000000011111100000
00000000000000000000011111000000
00000000000000000000111111000000
00000000000000000000111111000000
00000000000000000000111111000000
00000000000000000001111111000000
00000000000000000001111111000000
00000000000000000001111111000000
00000000000000000001111110000000
00000000000000000001111110000000
00000000000000000001111110000000
00000000000000000001111110000000
00000000000000000001111110000000
00000000000000000001111110000000
00000000000000000001111110000000
00000000000000000001111111000000
00000000000000000001111111000000
00000000000000000000111111000000
00000000000000000000001111000000
