11111111111000111111111111110000
01111111111111111111111111111100
00000000000111111111111111111111
00000000000000000000000011111111
00000000000000000000000111111110
00000000000000000000000111111110
00000000000000000000000111111100
00000000000000000000001111111100
00000000000000000000001111111000
00000000000000000000011111111000
00000000000000000000011111110000
00000000000000000000011111110000
00000000000000000000111111100000
00000000000000000000111111100000
00000000000000000000111111100000
00000000000000000001111111000000
00000000000000000001111111000000
00000000000000000001111110000000
00000000000000000001111110000000
00000000000000000011111100000000
00000000000000000011111100000000
00000000000000000011111000000000
00000000000000000011111000000000
00000000000000000011110000000000
00000000000000000011110000000000
00000000000000000111110000000000
00000000000000000111110000000000
00000000000000000011110000000000
00000000000000000011110000000000
00000000000000000011110000000000
00000000000000000011110000000000
00000000000000000001110000000000
