00000000000000000001111111111000
11000000000111111111111111111100
11111111111111111111111111111110
01111111111111111111111111111111
00111111111111111111111111111111
00000011111111100000000011111111
00000000000000000000000011111110
00000000000000000000000111111110
00000000000000000000000111111100
00000000000000000000000111111100
00000000000000000000001111111000
00000000000000000000001111111000
00000000000000000000001111110000
00000000000000000000011111110000
00000000000000000000011111100000
00000000000000000000011111100000
00000000000000000000111111000000
00000000000000000000111111000000
00000000000000000000111110000000
00000000000000000000111110000000
00000000000000000001111100000000
00000000000000000001111100000000
00000000000000000001111100000000
00000000000000000001111000000000
00000000000000000001111000000000
00000000000000000001111000000000
00000000000000000001111000000000
00000000000000000001111000000000
00000000000000000001110000000000
00000000000000000001110000000000
00000000000000000001111000000000
00000000000000000000111000000000
