00000000000000000000111111111000
00000000000000111111111111111100
00000000111111111111111111111110
11111111111111111111111111111111
11111111111111111111111111111111
01111111111111111111000000111111
00111111111111100000000000111111
00001111100000000000000000111111
00000000000000000000000000111111
00000000000000000000000000111111
00000000000000000000000000111110
00000000000000000000000000111110
00000000000000000000000001111110
00000000000000000000000001111100
00000000000000000000000001111100
00000000000000000000000001111000
00000000000000000000000001111000
00000000000000000000000001111000
00000000000000000000000001111000
00000000000000000000000001111000
00000000000000000000000011110000
00000000000000000000000011100000
00000000000000000000000011100000
00000000000000000000000011100000
00000000000000000000000011100000
00000000000000000000000011100000
00000000000000000000000011100000
00000000000000000000000011100000
00000000000000000000000011000000
00000000000000000000000011000000
00000000000000000000000011000000
00000000000000000000000011000000
