00000000000000000000000011111100
00000000000000011111111111111111
00000000111111111111111111111111
11111111111111111110000000011111
01111111000000000000000000011111
00000000000000000000000000111111
00000000000000000000000000111111
00000000000000000000000000111111
00000000000000000000000000111111
00000000000000000000000000111111
00000000000000000000000000111111
00000000000000000000000001111110
00000000000000000000000001111110
00000000000000000000000001111110
00000000000000000000000001111110
00000000000000000000000001111100
00000000000000000000000001111100
00000000000000000000000001111100
00000000000000000000000001111000
00000000000000000000000001111000
00000000000000000000000001111000
00000000000000000000000001111000
00000000000000000000000001111000
00000000000000000000000000111000
00000000000000000000000000111000
00000000000000000000000000111000
00000000000000000000000000111000
00000000000000000000000000111000
00000000000000000000000000111000
00000000000000000000000000011000
00000000000000000000000000011000
00000000000000000000000000011000
