11110000000000000000000001111000
00111111111111111111111111111111
00000000000000000000000000001111
00000000000000000000000000001111
00000000000000000000000000001111
00000000000000000000000000011110
00000000000000000000000000011110
00000000000000000000000000111110
00000000000000000000000000111100
00000000000000000000000000111100
00000000000000000000000001111000
00000000000000000000000011111000
00000000000000000000000011111000
00000000000000000000000111111000
00000000000000000000000111110000
00000000000000000000001111110000
00000000000000000000001111110000
00000000000000000000011111110000
00000000000000000000011111110000
00000000000000000000011111110000
00000000000000000000111111110000
00000000000000000000111111100000
00000000000000000001111111100000
00000000000000000001111111100000
00000000000000000001111111110000
00000000000000000001111111110000
00000000000000000001111111110000
00000000000000000001111111110000
00000000000000000001111111110000
00000000000000000001111111110000
00000000000000000000111111110000
00000000000000000000001111110000
