00000000000000000000011111111100
00000000000000001111111111111111
00000000001111111111111111111111
11111111111111111111110000001111
11111111111111100000000000001111
00000000000000000000000000011111
00000000000000000000000000011111
00000000000000000000000000011111
00000000000000000000000000111111
00000000000000000000000000111111
00000000000000000000000000111111
00000000000000000000000000111111
00000000000000000000000001111111
00000000000000000000000001111111
00000000000000000000000001111111
00000000000000000000000001111110
00000000000000000000000001111110
00000000000000000000000001111110
00000000000000000000000001111110
00000000000000000000000001111110
00000000000000000000000011111110
00000000000000000000000011111110
00000000000000000000000001111110
00000000000000000000000001111100
00000000000000000000000001111100
00000000000000000000000001111100
00000000000000000000000001111100
00000000000000000000000001111100
00000000000000000000000001111100
00000000000000000000000000111100
00000000000000000000000000111100
00000000000000000000000000011100
