11110000000000000000000000000000
01111111111111111111111111111000
00011111111111111111111111111110
00000001111111111111111111111111
00000000000000000000000001111111
00000000000000000000000001111111
00000000000000000000000001111111
00000000000000000000000001111110
00000000000000000000000001111110
00000000000000000000000001111110
00000000000000000000000001111110
00000000000000000000000001111100
00000000000000000000000001111100
00000000000000000000000011111100
00000000000000000000000011111100
00000000000000000000000011111100
00000000000000000000000011111100
00000000000000000000000011111000
00000000000000000000000011111000
00000000000000000000000011111000
00000000000000000000000011111000
00000000000000000000000001111000
00000000000000000000000001111000
00000000000000000000000001111000
00000000000000000000000001111000
00000000000000000000000001111000
00000000000000000000000001110000
00000000000000000000000001110000
00000000000000000000000001110000
00000000000000000000000001110000
00000000000000000000000001110000
00000000000000000000000001110000
