00000000000000000000000111111000
00000000000000000001111111111110
00000000000000011111111111111111
00000000000011111111111111111111
00000000011111111111111100111111
00000111111111111111000000111111
11111111111111111000000000111111
01111111111110000000000000111111
00011111100000000000000001111110
00000000000000000000000001111110
00000000000000000000000001111110
00000000000000000000000001111100
00000000000000000000000001111000
00000000000000000000000011111000
00000000000000000000000011110000
00000000000000000000000011110000
00000000000000000000000011100000
00000000000000000000000011100000
00000000000000000000000011100000
00000000000000000000000011100000
00000000000000000000000011000000
00000000000000000000000011000000
00000000000000000000000011000000
00000000000000000000000011000000
00000000000000000000000011000000
00000000000000000000000011000000
00000000000000000000000011000000
00000000000000000000000011100000
00000000000000000000000011100000
00000000000000000000000011100000
00000000000000000000000001100000
00000000000000000000000001110000
