00000000000000000111111111110000
00000000000011111111111111111000
00000000011111111111111111111110
11001111111111111111111111111110
11111111111111111111111000111111
01111111111111110000000000111111
00111111110000000000000000111111
00000000000000000000000000111111
00000000000000000000000000111111
00000000000000000000000000011111
00000000000000000000000000011111
00000000000000000000000000011111
00000000000000000000000000011111
00000000000000000000000000011111
00000000000000000000000000011111
00000000000000000000000000011111
00000000000000000000000000011111
00000000000000000000000000011110
00000000000000000000000000011110
00000000000000000000000000011110
00000000000000000000000000001110
00000000000000000000000000001111
00000000000000000000000000001111
00000000000000000000000000001111
00000000000000000000000000001111
00000000000000000000000000001111
00000000000000000000000000000111
00000000000000000000000000000111
00000000000000000000000000000111
00000000000000000000000000000111
00000000000000000000000000000111
00000000000000000000000000000111
