00000000000000000000011111111000
00000000000000011111111111111110
11000000011111111111111100001111
11111111111111110000000000001111
00111111110000000000000000001111
00000000000000000000000000001111
00000000000000000000000000001111
00000000000000000000000000011111
00000000000000000000000000011110
00000000000000000000000000111110
00000000000000000000000000111110
00000000000000000000000001111110
00000000000000000000000001111110
00000000000000000000000011111100
00000000000000000000000011111100
00000000000000000000000011111100
00000000000000000000000011111100
00000000000000000000000111111100
00000000000000000000000111111100
00000000000000000000000111111000
00000000000000000000000111111000
00000000000000000000000111111000
00000000000000000000000111111000
00000000000000000000000111111000
00000000000000000000000111111000
00000000000000000000000111111000
00000000000000000000000111111000
00000000000000000000000111111000
00000000000000000000000111111000
00000000000000000000000111111000
00000000000000000000000011111100
00000000000000000000000000111100
