00000000000000000011111111110000
00000000001111111111111111111100
11111111111111111111111111111110
11111111111111110000000000111111
00000000000000000000000001111111
00000000000000000000000001111111
00000000000000000000000001111111
00000000000000000000000001111111
00000000000000000000000011111111
00000000000000000000000011111111
00000000000000000000000011111111
00000000000000000000000011111111
00000000000000000000000011111111
00000000000000000000000011111111
00000000000000000000000011111111
00000000000000000000000011111110
00000000000000000000000011111110
00000000000000000000000011111110
00000000000000000000000011111100
00000000000000000000000011111100
00000000000000000000000011111100
00000000000000000000000011111100
00000000000000000000000001111100
00000000000000000000000001111100
00000000000000000000000001111100
00000000000000000000000001111100
00000000000000000000000001111100
00000000000000000000000000111000
00000000000000000000000000111100
00000000000000000000000000111100
00000000000000000000000000111110
00000000000000000000000000011110
