00000000000000000000001111111000
00000000000000001111111111111110
00000000011111111111111111111111
11111111111111111111111111111111
11111111111111111111000001111110
00111111111111000000000001111110
00001110000000000000000001111100
00000000000000000000000011111100
00000000000000000000000011111000
00000000000000000000000011111000
00000000000000000000000111111000
00000000000000000000000111100000
00000000000000000000000111100000
00000000000000000000001111100000
00000000000000000000001111000000
00000000000000000000001111000000
00000000000000000000011110000000
00000000000000000000011100000000
00000000000000000000011100000000
00000000000000000000111000000000
00000000000000000000111000000000
00000000000000000000110000000000
00000000000000000000110000000000
00000000000000000000110000000000
00000000000000000001110000000000
00000000000000000001110000000000
00000000000000000001100000000000
00000000000000000001100000000000
00000000000000000001100000000000
00000000000000000001100000000000
00000000000000000001110000000000
00000000000000000001110000000000
