00000000000000000000000011111000
00000000000000000000011111111100
00000000000000000001111111111110
00000000000000000111111111111111
00000000000000011111111111111111
00000000000001111111111110011111
00000000000111111111110000011111
00000000111111111111000000011111
00000011111111111100000000011111
00011111111111110000000000011111
11111111111111000000000000011111
11111111111100000000000000011110
00111111100000000000000000011110
00011100000000000000000000011110
00000000000000000000000000011100
00000000000000000000000000011100
00000000000000000000000000111100
00000000000000000000000000111100
00000000000000000000000000111000
00000000000000000000000000111000
00000000000000000000000000110000
00000000000000000000000000110000
00000000000000000000000000110000
00000000000000000000000000110000
00000000000000000000000000110000
00000000000000000000000000110000
00000000000000000000000000110000
00000000000000000000000000110000
00000000000000000000000000110000
00000000000000000000000000110000
00000000000000000000000000110000
00000000000000000000000000110000
