00000000000000111111111111111000
00000000000011000000000000001110
00000000000000000000000000000110
00000011111000000000000000000110
00011100000000000000000000001100
00011000000000000000000000001100
00011000000000000000000000011000
00011000000000000000000001110000
00001100000000000000000011000000
00000110000000000000000110000000
00000011000000000000011100000000
00000001100000000001110000000000
00000000110000000111000000000000
00000000001100001100000000000000
00000000000011110000000000000000
00000000000111110000000000000000
00000000011100011100000000000000
00000000110000000111000000000000
00000011100000000000110000000000
00000110000000000000001100000000
00011000000000000000000111000000
00110000000000000000000001100000
01100000000000000000000000110000
11000000000000000000000000011000
11000000000000000000000000001100
11000000000000000000000000000110
11000000000000000000000000000011
11000000000000000000000000000011
01100000000000000000000000000011
00111000000000000000000000000110
00000111100000000000000000011100
00000000011111111111111111110000
