00001111111111111100000000000000
00111111111111111111110000000000
00111000000000000000111000000000
01110000000000000000011000000000
11110000000000000000000000000000
11110000000000000000000000000000
11110000000000000000000000000000
11110000000000000000000000000000
11110000000000000000000111100000
01110000000000000000011110000000
01111000000000000001111100000000
00111100000000000011110000000000
00011111000000000111100000000000
00000111100000001111000000000000
00000001111100011100000000000000
00000000011111111000000000000000
00000000000111111000000000000000
00000000001111111110000000000000
00000000011110001111100000000000
00000001111000000001111000000000
00000011110000000000011110000000
00000111100000000000001111100000
00001111000000000000000011110000
00001110000000000000000001111000
00001110000000000000000000111100
00001110000000000000000000011110
00001110000000000000000000001111
00001111000000000000000000000111
00001111000000000000000000000111
00000111100000000000000000001111
00000011111111111111111111111110
00000000001111111111111111110000
