00000011111111111111111011100000
00111111111111111111111111111000
01110000000000000000000000011100
11100000000000000000000000011100
11100000000000000000000000011100
11100000000000000000000000011100
01110000000000000000000000011100
00111000000000000000000000111000
00111100000000000000000011110000
00001110000000000000011111000000
00000111100000000001111000000000
00000001111000000111100000000000
00000000011100011110000000000000
00000000001111111000000000000000
00000000000111110000000000000000
00000000001111111000000000000000
00000000011100011110000000000000
00000000111000001111000000000000
00000001110000000011110000000000
00000011100000000000111000000000
00000111000000000000011110000000
00000111000000000000000111000000
00001110000000000000000011110000
00001110000000000000000001111000
00001110000000000000000000011100
00011100000000000000000000011110
00011100000000000000000000001110
00011100000000000000000000000111
00001110000000000000000000000111
00001110000000000000000000000111
00001111100000111111111111111111
00000011111111111111111111110000
