00000111111111111111111100000000
00001111111111111111111111100000
00001110000000000000000000000000
00001110000000000000000000000000
00001110000000000000000000000000
00001110000000000000000000000000
00001110000000000000000000000000
00001110000000000000000000000000
00001110000000000000000011000000
00001110000000000000000111000000
00001111000000000000001110000000
00000111000000000000011100000000
00000111100000000000111100000000
00000011100000000001111000000000
00000001110000000111100000000000
00000000111100011110000000000000
00000000011111111000000000000000
00000000001111110000000000000000
00000000111111111100000000000000
00000011111000011111100000000000
00001111000000000011111100000000
00011110000000000000011111000000
00111000000000000000000011110000
01110000000000000000000000111100
11110000000000000000000000001110
11100000000000000000000000001111
11100000000000000000000000000111
11100000000000000000000000000111
11110000000000000000000000000111
11110000000000000000000000011110
01111111111111111111111111111100
00111111111111111111111111000000
