00011111111000000000000000000000
00111111111111111000000000000000
01110000000001111111110000000000
11110000000000000001111110000000
11100000000000000000000111100000
11100000000000000000000001110000
11100000000000000000000001110000
11110000000000000000000011100000
01110000000000000000000011100000
00111000000000000000000011100000
00111100000000000000000011100000
00001111000000000000000111100000
00000111110000000000011111000000
00000001111100000001111100000000
00000000001111000111100000000000
00000000000011111110000000000000
00000000000011111110000000000000
00000000001111000111110000000000
00000000011100000000111100000000
00000001111000000000001111100000
00000011110000000000000001111000
00000011100000000000000000011100
00000011100000000000000000001110
00000011100000000000000000001110
00000011100000000000000000000111
00000011100000000000000000000111
00000011100000000000000000000111
00000001110000000000000000000111
00000001110000000000000000001111
00000000111000000000000000111100
00000000011111100001111111110000
00000000000111111111111110000000
