00000000111111111000000000000000
00000111111100010000000000000000
00001110000000000000000000000000
00001110000000000000000000000000
00001110000000000000000000000000
00001110000000000000000001111000
00001110000000000000000111100000
00000111000000000000011110000000
00000011100000000001111000000000
00000001110000000111100000000000
00000000111100001111000000000000
00000000001110111100000000000000
00000000000111110000000000000000
00000000001111110000000000000000
00000000111100111000000000000000
00000011110000011110000000000000
00000111000000000111100000000000
00001110000000000001110000000000
00011100000000000000111100000000
00111000000000000000001111000000
01110000000000000000000011100000
11100000000000000000000001111000
11100000000000000000000000011100
11100000000000000000000000001110
11100000000000000000000000001110
11100000000000000000000000000111
11100000000000000000000000000111
11100000000000000000000000000111
01110000000000000000000000000111
00111100000000000000000000111110
00001111111000001111111111111000
00000001111111111111111000000000
