00000000000001111111111100000000
00000011111111111111111100000000
00000111111100000000001110000000
00000110000000000000001100000000
00000110000000000000011100000000
00000011000000000000111000000000
00000011100000000001110000000000
00000001110000000111000000000000
00000000011100001110000000000000
00000000001110011100000000000000
00000000000111111000000000000000
00000000000011111000000000000000
00000000000011011110000000000000
00000000001110000111100000000000
00000000011100000001111000000000
00000000110000000000011110000000
00000011100000000000000111100000
00000111000000000000000001111000
00001100000000000000000000011100
00111000000000000000000000000110
01110000000000000000000000000011
01100000000000000000000000000011
11000000000000000000000000000011
11000000000000000000000000000011
11000000000000000000000000000111
11000000000000000000000000001110
11000000000000000000000000011100
11000000000000000000000001111000
01100000000000000000000111100000
01111000000000000000111110000000
00011111111111111111111000000000
00000111111111111110000000000000
