00000000000001111100000000000000
00001111100000011111100000000000
00111111111000000001111000000000
01110000000000000000011100000000
01110000000000000000011100000000
01110000000000000000011000000000
01110000000000000001110000000000
00110000000000000001100000000000
00111000000000000111000000000000
00011000000000011110000000000000
00011100000011111000000000000000
00001110011111000000000000000000
00000111111000000000000000000000
00001111100000000000000000000000
00011101110000000000000000000000
00111000111100000000000000000000
01110000001110000000000000000000
01100000000111100000000000000000
11100000000001111000000000000000
11100000000000011110000000000000
11100000000000000111100000000000
11100000000000000001111000000000
11100000000000000000011110000000
11100000000000000000000111100000
01100000000000000000000001110000
01110000000000000000000000011100
01110000000000000000000000001110
01110000000000000000000000000111
00110000000000000000000000000011
00111000000000000000000000000111
00011111110000000011111111111110
00000111111111111111111111100000
