00000011111111111100000000000000
00011111111111111110000000000000
00111110000000000000000000001111
00111100000000000000000000001111
00111100000000000000000000011110
00111100000000000000000000011110
00111100000000000000000001111100
00011100000000000000000011111000
00011110000000000000000111100000
00001111000000000000011111000000
00000111100000000000111110000000
00000011111000000011111000000000
00000000111100001111100000000000
00000000011111111110000000000000
00000000001111111000000000000000
00000000001111110000000000000000
00000000111111111100000000000000
00000001111100011111000000000000
00000011110000001111100000000000
00001111100000000011111000000000
00011110000000000000111100000000
00111100000000000000011111000000
01111000000000000000000111100000
11110000000000000000000011110000
11110000000000000000000001111000
11110000000000000000000000111000
11110000000000000000000000111000
11110000000000000000000000111000
01111000000000000000000011111000
00111110000000000000111111110000
00011111111111111111111110000000
00000011111111111111000000000000
