00000000000001111110000000000000
00000000000000000001100000000000
00000000000000000000010000000000
00000000000000000000010000000000
00001111100000000000110000000000
01100000000000000000100000000000
10000000000000000001000000000000
10000000000000000110000000000000
10000000000000001100000000000000
10000000000000010000000000000000
11000000000001100000000000000000
01100000000011000000000000000000
00110000000110000000000000000000
00001100001100000000000000000000
00000011011000000000000000000000
00000000110000000000000000000000
00000000101110000000000000000000
00000001000001110000000000000000
00000001000000001110000000000000
00000001000000000001110000000000
00000001000000000000001110000000
00000001000000000000000001100000
00000001000000000000000000011000
00000001000000000000000000000110
00000001000000000000000000000011
00000001100000000000000000000001
00000000100000000000000000000001
00000000110000000000000000000011
00000000011000000000000000000010
00000000001100000000000000001100
00000000000011100000000001100000
00000000000000011111111110000000
