00000000000000001111111000000000
00000000000001111000000000000000
00000000000111000000000000000000
00000000001100000000000000000000
00000000011000000000000000000011
00000000011000000000000000001110
00000000011000000000000000111000
00000000010000000000000001100000
00000000011000000000000111000000
00000000011000000000001100000000
00000000011000000000111000000000
00000000001100000011100000000000
00000000001100000110000000000000
00000000000110011100000000000000
00000000000111110000000000000000
00000000000111000000000000000000
00000000011111100000000000000000
00000001110000110000000000000000
00000111000000011000000000000000
00001100000000001100000000000000
00111000000000000110000000000000
01100000000000000011000000000000
01100000000000000001000000000000
11000000000000000001100000000000
11000000000000000001100000000000
11000000000000000001100000000000
11000000000000000001100000000000
11000000000000000001100000000000
11000000000000000001100000000000
01110000000000000001100000000000
00011110000000000111100000000000
00000111111111111100000000000000
