00000010011111111111111111110000
00001111100000000000000000001110
00001101100000000000000000000011
00011000110000000000000000000011
00011000010000000000000000000011
00011000000000000000000000000011
00011000000000000000000000000110
00001100000000000000000000001100
00001100000000000000000000011000
00000110000000000000000001100000
00000110000000000000000011000000
00000110000000000000001100000000
00000011000000000000110000000000
00000011000000000011100000000000
00000001100000011100000000000000
00000001100011110000000000000000
00000000111110000000000000000000
00000011111100000000000000000000
00000110000111000000000000000000
00011100000001100000000000000000
00110000000000111000000000000000
01100000000000001100000000000000
11100000000000000011000000000000
11000000000000000001110000000000
11000000000000000000001110000000
11000000000000000000000011000000
11000000000000000000000001100000
01100000000000000000000000110000
01100000000000000000000000110000
00110000000000000000000001100000
00011000000000000000011111000000
00001111111111111111100000000000
