00000011111111100000000000000000
00001111000000111100000000000000
00111000000000001111000000000000
01110000000000000001110000000000
01100000000000000000111000000000
11100000000000000000001110000000
11100000000000000000000111000000
11100000000000000000000011000000
11100000000000000000000011000000
01110000000000000000000011111000
00011100000000000000000001111000
00000111100000000000000111100000
00000001111000000000001110000000
00000000001111100000111100000000
00000000000001111111110000000000
00000000000000000111111100000000
00000000000000011110001111100000
00000000000001111000000000111100
00000000000111100000000000001110
00000000001110000000000000000111
00000000111000000000000000000111
00000011110000000000000000000111
00000111000000000000000000000111
00001110000000000000000000000111
00001100000000000000000000000111
00011100000000000000000000000111
00001100000000000000000000000110
00001110000000000000000000001110
00000110000000000000000000011100
00000111100000000000000001110000
00000001111000000000011111000000
00000000011111111111111000000000
