00000011111111111111000000000000
00111111000000000000000000000000
11100000000000000000000000000000
11000000000000000000000000000000
11000000000000000000000000000000
11000000000000000000000000000000
01100000000000000000000000000000
00110000000000000000000000000000
00011100000000000000000011000000
00000111100000000000000110000000
00000000111100000000001100000000
00000000000111100000011000000000
00000000000001111001110000000000
00000000000000001111000000000000
00000000000000011111100000000000
00000000000001110000111000000000
00000000000111000000001100000000
00000000001100000000000111000000
00000000111000000000000011100000
00000001100000000000000000110000
00000111000000000000000000011000
00001100000000000000000000001000
00011000000000000000000000001100
00011000000000000000000000000110
00011000000000000000000000000010
00011000000000000000000000000011
00011000000000000000000000000011
00001100000000000000000000000011
00001100000000000000000000000011
00000111000000000000000000011110
00000001111000000000111111110000
00000000011111111111111000000000
