00000111111111111110000000000000
00111111111111111111100000000000
01111000000000000011111000000000
11110000000000000000111111100000
11100000000000000000000111100000
11110000000000000000000000000000
01110000000000000000000000000000
00111000000000000000000000000000
00011110000000000000000000000000
00001111100000000000000001100000
00000011110000000000000011100000
00000001111100000000000111100000
00000000011111000000001111000000
00000000000111100000011100000000
00000000000001111101111000000000
00000000000000011111110000000000
00000000000000111111111000000000
00000000000111111000111111000000
00000000011111000000000111111000
00000001111100000000000001111110
00000011110000000000000000001111
00000011100000000000000000000111
00000011100000000000000000000111
00000011100000000000000000000111
00000011110000000000000000000111
00000001110000000000000000000111
00000001111000000000000000001111
00000000111100000000000000001110
00000000011100000000000000111100
00000000001111000000000011111000
00000000000111111111111111100000
00000000000001111111111100000000
