00001111111111110000000000000000
00111000000000000000000000000000
01100000000000000000000000000000
11100000000000000000000000000000
11000000000000000000000000000000
11000000000000000000000000000111
11000000000000000000000000001110
11100000000000000000000000011000
01110000000000000000000001110000
00111000000000000000000111000000
00001110000000000000011100000000
00000011100000000001110000000000
00000000111000000111000000000000
00000000001110011100000000000000
00000000000011111000000000000000
00000000000011111100000000000000
00000000001110000011100000000000
00000000011100000000110000000000
00000000110000000000011100000000
00000001100000000000000110000000
00000011000000000000000011000000
00000111000000000000000001100000
00000110000000000000000001100000
00000110000000000000000001110000
00000110000000000000000001110000
00000110000000000000000001110000
00000111000000000000000001100000
00000111000000000000000011100000
00000011000000000000000111000000
00000011100000000000011100000000
00000001100000000011110000000000
00000000111111111110000000000000
