00001111111111110000000000000000
00011100000000000000000000000000
00111000000000000000000000000000
01110000000000000000000000000000
01110000000000000000000000000000
11100001111111000000000000000000
11100000000011111000000000000000
11100000000000001110000000000000
11100000000000000111000000000000
11100000000000000111000000000000
01110000000000000111000000000000
00111000000000000111000000000000
00011100000000001110000000000000
00000111000000011100000000000000
00000011110001110000000000000000
00000000111111000000000000000000
00000000011111000000000000000000
00000001110011110000000000000000
00000111000000111100000000000000
00001110000000000111000000000000
00111100000000000001110000000000
00110000000000000000011100000000
01110000000000000000001111000000
11100000000000000000000011100000
11100000000000000000000000111000
11100000000000000000000000001110
11100000000000000000000000000111
11100000000000000000000000000111
01110000000000000000000000000111
00111100000000000000000000000111
00001111111000000000000001111100
00000000111111111111111111100000
