00000000000011111111111110000000
00000000001110000000000111000000
00000000111000000000000011100000
00000000110000000000000011100000
00000001110000000000000011100000
00000001110000000000000011100000
00000001110000000000000011100000
00000001110000000000000111000000
00000001110000000000001110000000
00000000110000000000111000000000
00000000111000000111100000000000
00000000011100011110000000000000
00000000000111110000000000000000
00000000000111110000000000000000
00000000011100111100000000000000
00000001110000001111000000000000
00000111000000000001110000000000
00001100000000000000011110000000
00011000000000000000000011100000
00110000000000000000000000111000
01100000000000000000000000001110
11100000000000000000000000000111
11000000000000000000000000000011
11000000000000000000000000000011
11000000000000000000000000000011
11100000000000000000000000000011
11100000000000000000000000000011
01100000000000000000000000000110
00110000000000000000000000001100
00111000000000000000000000111000
00011110000000000000001111100000
00000011111111111111111000000000
