00000000000000000000000000000001
00000000000000000000000000000010
00000000000001111111100000000100
00000000111110000000000000001000
00001111000000000000000000010000
01111000000000000000000000100000
11000000000000000000000001000000
10000000000000000000000010000000
11000000000000000000000110000000
01000000000000000000001100000000
00110000000000000000011000000000
00011100000000000000100000000000
00000111000000000001000000000000
00000001110000000110000000000000
00000000011100001100000000000000
00000000000111010000000000000000
00000000000001110000000000000000
00000000000001111000000000000000
00000000000010000110000000000000
00000000000100000001100000000000
00000000001000000000010000000000
00000000010000000000001100000000
00000000010000000000000110000000
00000000110000000000000010000000
00000000010000000000000011000000
00000000010000000000000001000000
00000000010000000000000001000000
00000000011000000000000001100000
00000000001100000000000001100000
00000000000110000000000001000000
00000000000011000000001110000000
00000000000001111111110000000000
