00000000000011111111100000000000
00000000011111111111111100000000
00000001111110000000011111000000
00000011110000000000000011111100
00001111000000000000000011111110
00111110000000000000011111111111
01111000000000000011111111111110
11111000000000011111111111111100
11110000001111111111111111111100
01111111111111111111101111111000
00111111111111111100011111100000
00000111111110000000111111000000
00000000000000000001111110000000
00000000000000000011111100000000
00000000000000000111111000000000
00000000000000001111100000000000
00000000000000001111000000000000
00000000000000011110000000000000
00000000000000111100000000000000
00000000000001111000000000000000
00000000000011100000000000000000
00000000000111000000000000000000
00000000001110000000000000000000
00000000011110000000000000000000
00000000111100000000000000000000
00000001111000000000000000000000
00000001110000000000000000000000
00000011000000000000000000000000
00000111000000000000000000000000
00001110000000000000000000000000
00001100000000000000000000000000
00011100000000000000000000000000
