00000000000000000000000000000000
00000000001111111110000000000000
00000000111110000111100000000000
00000001111000000001110000000000
00000001110000000000111100000000
00000011100000000000111100000000
00000011100000000001111000000000
00000011100000000111111000000000
00000011110000001111111000000000
00000001111101111101110000000000
00000000011111100001110000000000
00000000000000000001110000000000
00000000000000000011100000000000
00000000000000000011100000000000
00000000000000000011100000000000
00000000000000000111000000000000
00000000000000000111000000000000
00000000000000000111000000000000
00000000000000000111000000000000
00000000000000000111000000000000
00000000000000001110000000000000
00000000000000001110000000000000
00000000000000001110000000000000
00000000000000001110000000000000
00000000000000001110000000000000
00000000000000001110000000000000
00000000000000001110000000000000
00000000000000001110000000000000
00000000000000001110000000000000
00000000000000001110000000000000
00000000000000001110000000000000
00000000000000000000000000000000
