00000000000000011111111111000000
00000000000111111111111111100000
00000000111111111111111111111000
00000011111111110000000001111100
00001111111110000000000000011100
00011111110000000000000000011110
00111111100000000000000000111111
01111110000000000000000001111111
11111100000000000000000111111111
11111000000000000000001111111110
01111000000000000001111111111100
01111000000000000111111111111000
00111110000011111111111111110000
00011111111111111111111111100000
00000111111111111111111111100000
00000000111111110000111111000000
00000000000000000001111100000000
00000000000000000011111100000000
00000000000000000011111000000000
00000000000000000111100000000000
00000000000000000111100000000000
00000000000000001111000000000000
00000000000000001110000000000000
00000000000000011110000000000000
00000000000000011100000000000000
00000000000000011100000000000000
00000000000000111100000000000000
00000000000000111000000000000000
00000000000000111000000000000000
00000000000000111000000000000000
00000000000000011000000000000000
00000000000000011000000000000000
