00000000111111111111111110000000
00000111111111111000000000000000
00011111111000000000000001111111
00111111100000000000000011111111
01111110000000000000000011111111
01111100000000000000000011111111
11111000000000000000000011111111
11111000000000000000000111111111
11111000000000000000000111111111
11111000000000000000001111111111
11111000000000000000011111111111
11111000000000000001111111111111
11111000000000000111111111111111
11111100000000111111111111111111
01111111000011111111111111111111
00011111111111111110001111111111
00000000000000000000001111111111
00000000000000000000001111111111
00000000000000000000001111111110
00000000000000000000001111111110
00000000000000000000001111111110
00000000000000000000001111111110
00000000000000000000001111111110
00000000000000000000001111111110
00000000000000000000001111111110
00000000000000000000001111111110
00000000000000000000001111111110
00000000000000000000001111111110
00000000000000000000001111111110
00000000000000000000001111111110
00000000000000000000000111111111
00000000000000000000000111111111
