00000001111111111111111100000000
00011111100000000000011111111000
01111000000000000000000000011111
01110000000000000000000000111111
11100000000000000000000011111110
11100000000000000000001111111110
11100000000000000000111111111100
01110000000000000111111111111100
00111000000000111111100011111100
00011111111111111100000111111000
00000001111110000000000111111000
00000000000000000000000111111000
00000000000000000000001111111000
00000000000000000000011111111000
00000000000000000000011111111000
00000000000000000000011111111000
00000000000000000000011111111000
00000000000000000000111111111000
00000000000000000000111111111000
00000000000000000000111111111000
00000000000000000000111111111000
00000000000000000000111111111100
00000000000000000000111111111100
00000000000000000000011111111100
00000000000000000000011111111100
00000000000000000000011111111110
00000000000000000000011111111110
00000000000000000000011111111110
00000000000000000000001111111110
00000000000000000000001111111110
00000000000000000000001111111110
00000000000000000000000111111111
