00000000001111111111110000000000
00000001111000000000111110000000
00000011000000000000000011100100
00001110000000000000000000011111
00011000000000000000000000111111
00110000000000000000000011111110
01100000000000000000000111111100
11100000000000000000011111111100
11000000000000000000111111111000
11000000000000000111111111110000
11000000000000011111110111110000
11100000000011111111001111100000
01110000011111111100011111100000
00011111111111100000111111000000
00000011110000000000111110000000
00000000000000000001111110000000
00000000000000000011111100000000
00000000000000000011111100000000
00000000000000000111111000000000
00000000000000000111111000000000
00000000000000001111110000000000
00000000000000001111110000000000
00000000000000001111100000000000
00000000000000011111100000000000
00000000000000011111000000000000
00000000000000111111000000000000
00000000000000111111000000000000
00000000000000111110000000000000
00000000000000111110000000000000
00000000000000111100000000000000
00000000000000111100000000000000
00000000000000011100000000000000
