00000000000001111111111111111000
00000000011111111111111111111000
00000011111000000000000000000000
00001111000000000000000000000111
00011100000000000000000011111111
01111000000000000000000111111110
11110000000000000000011111111100
11110000000000000000111111111000
11110000000000000011111111111000
11111100000000001111111111110000
11111110000001111110011111110000
01111111111111110000011111110000
00111111111110000000011111100000
00000111100000000000111111100000
00000000000000000000111111100000
00000000000000000000111111100000
00000000000000000001111111100000
00000000000000000001111111000000
00000000000000000001111111000000
00000000000000000001111111000000
00000000000000000001111111000000
00000000000000000011111110000000
00000000000000000011111110000000
00000000000000000011111110000000
00000000000000000011111110000000
00000000000000000011111110000000
00000000000000000011111110000000
00000000000000000011111100000000
00000000000000000011111100000000
00000000000000000001111100000000
00000000000000000001111110000000
00000000000000000000111100000000
