00000000001111111111111110000000
00000001111111111111111111111000
00000111111111111111111111111110
00001111111111111110011111111111
00011111111111100000111111111111
00111111111110000001111111111111
01111111111100000011111111111111
11111111111000001111111111111111
11111111110000011111111111111111
11111111100001111111111111111111
01111111101111111111111111111110
00111111111111111111111111111110
00001111111111111111000111111110
00000001111111111100001111111110
00000000000010000000001111111110
00000000000000000000001111111110
00000000000000000000001111111100
00000000000000000000000111111100
00000000000000000000000111111100
00000000000000000000000111111100
00000000000000000000000111111000
00000000000000000000000111111000
00000000000000000000000011111000
00000000000000000000000011111100
00000000000000000000000011111000
00000000000000000000000011111000
00000000000000000000000001111000
00000000000000000000000001111000
00000000000000000000000000111100
00000000000000000000000000111100
00000000000000000000000000011110
00000000000000000000000000011111
