00000000011111111111111111110000
00000111110000000000000000111110
00011110000000000000000001111111
00111000000000000000000011111110
01110000000000000000001111111110
11100000000000000000111111111100
11100000000000000001111111111100
11100000000000001111111111111000
11110000000001111111101111111000
01111000000111111110001111111000
00011111111111110000011111110000
00000000110000000000111111110000
00000000000000000001111111110000
00000000000000000011111111110000
00000000000000000011111111110000
00000000000000000011111111100000
00000000000000000011111111100000
00000000000000000111111111100000
00000000000000000111111111110000
00000000000000000111111111110000
00000000000000000111111111110000
00000000000000000111111111110000
00000000000000000111111111110000
00000000000000000111111111110000
00000000000000000111111111110000
00000000000000000011111111110000
00000000000000000011111111110000
00000000000000000011111111110000
00000000000000000011111111100000
00000000000000000001111111100000
00000000000000000001111111100000
00000000000000000000111111110000
