00000000000000111111111111110000
00000000000111110000000000111100
00000000011100000000000000000010
00000011110000000000000000000000
00001111000000000000000000001111
00011100000000000000000000011111
01111000000000000000000000111110
11110000000000000000000011111100
11100000000000000000001111111000
11100000000000000000111100111000
11100000000000000011110001111000
01111000000000011111000001110000
00011111111111111000000001110000
00000000111110000000000011110000
00000000000000000000000011110000
00000000000000000000000011100000
00000000000000000000000011100000
00000000000000000000000011100000
00000000000000000000000011100000
00000000000000000000000011100000
00000000000000000000000011100000
00000000000000000000000111100000
00000000000000000000000111100000
00000000000000000000000111100000
00000000000000000000000011110000
00000000000000000000000011110000
00000000000000000000000011111000
00000000000000000000000011111100
00000000000000000000000001111110
00000000000000000000000001111110
00000000000000000000000000111110
00000000000000000000000000111100
