00000000111111111111111100000000
00000001111111110111111111110000
00000111111100000000000011111100
00001111111000000000000000011111
00011111110000000000000000000001
00111111100000000000000000000000
00111111000000000000000111110000
01111110000000000000001111111100
01111110000000000000011111111100
11111100000000000001111111111100
11111100000000000011111111111100
11111100000000001111111111111100
11111100000000111111110111111100
11111100000011111111000111111100
00111111111111111100000111111100
00001111111111100000000111111100
00000000000000000000000111111000
00000000000000000000000111111000
00000000000000000000000111111000
00000000000000000000000111111000
00000000000000000000000111111000
00000000000000000000000111111000
00000000000000000000000111111000
00000000000000000000000111111000
00000000000000000000000111111000
00000000000000000000000111111000
00000000000000000000000111111000
00000000000000000000000111111000
00000000000000000000000111111000
00000000000000000000000011111000
00000000000000000000000011111000
00000000000000000000000011111000
