00000111111111111111110000000000
00011111111111111111111100000000
00111111111111111111111111100000
00111111111100000000111111111100
00111111111000000001111111111111
01111111110000000111111111111111
11111111100000011111111111111111
11111111100000111111111111111111
11111111100011111111111111111111
11111111111111111111111111111111
01111111111111111111111111111111
00001111111111111111101111111111
00000000111111111110001111111111
00000000000000000000001111111110
00000000000000000000001111111110
00000000000000000000001111111110
00000000000000000000001111111110
00000000000000000000001111111100
00000000000000000000001111111100
00000000000000000000001111111000
00000000000000000000001111111000
00000000000000000000001111111000
00000000000000000000001111111000
00000000000000000000001111111000
00000000000000000000001111110000
00000000000000000000001111110000
00000000000000000000001111110000
00000000000000000000000111100000
00000000000000000000000111100000
00000000000000000000000111100000
00000000000000000000000111110000
00000000000000000000000011110000
