00000000000000000111111111100000
00000000000000111111111111111000
00000000000111111100000000011110
00000000011111100000000000000111
00000001111100000000000000000001
00000011110000000000000000011100
00001111100000000000000001111111
00011110000000000000000011111111
00111100000000000000001111111111
01111000000000000000011111111110
11110000000000000001111111111110
11100000000000000111111111111100
11100000000000011111111111111000
11100000000001111111110111111000
11100000000111111111001111110000
01111111111111111110001111100000
00111111111111111000011111000000
00001111111111000000011110000000
00000000000000000000111100000000
00000000000000000000111000000000
00000000000000000001111000000000
00000000000000000011110000000000
00000000000000000011100000000000
00000000000000000111000000000000
00000000000000000111000000000000
00000000000000001110000000000000
00000000000000001110000000000000
00000000000000011100000000000000
00000000000000011100000000000000
00000000000000011100000000000000
00000000000000011000000000000000
00000000000000011000000000000000
