00000000000000011111111111110000
00000000000011111100000000111000
00000000011111000000000000000000
00000011111000000000000000000000
00001111000000000000000000000000
00011100000000000000000000001111
00111000000000000000000000011111
01110000000000000000000001111110
11100000000000000000000111111110
11100000000000000000011111111100
11100000000000000001111100111100
11100000000000000111110001111000
11110000000000111110000001111000
01111110000111111000000011110000
00011111111111000000000011110000
00000000000000000000000111100000
00000000000000000000000111100000
00000000000000000000001111100000
00000000000000000000001111000000
00000000000000000000011111000000
00000000000000000000111111000000
00000000000000000000111111000000
00000000000000000001111110000000
00000000000000000001111110000000
00000000000000000011111110000000
00000000000000000011111110000000
00000000000000000011111110000000
00000000000000000111111110000000
00000000000000000111111110000000
00000000000000000011111110000000
00000000000000000011111110000000
00000000000000000011111000000000
