00000000000111111111111000000000
00000000111111100000011110000000
00000111111000000000000011000000
00001111100000000000000000000000
00111110000000000000000000001111
00111100000000000000000000011111
01111000000000000000000000111110
11110000000000000000000001111110
11110000000000000000000111111100
11100000000000000000001111111100
11100000000000000000111111111000
11100000000000000001111001111000
11110000000000000111100001111000
11110000000000011110000001111000
01111000000011111000000001110000
00011111111111100000000011110000
00000000000000000000000011110000
00000000000000000000000011110000
00000000000000000000000011110000
00000000000000000000000011110000
00000000000000000000000111110000
00000000000000000000000111110000
00000000000000000000000111110000
00000000000000000000000111110000
00000000000000000000001111110000
00000000000000000000001111110000
00000000000000000000001111111000
00000000000000000000001111111000
00000000000000000000001111111000
00000000000000000000000111111100
00000000000000000000001111111100
00000000000000000000000111111110
