00000000000011111111111110000000
00000000011111000000000001100000
00000001111000000000000000000000
00000111100000000000000000000000
00001110000000000000000000000000
00011100000000000000000000000010
00111000000000000000000000000111
01110000000000000000000000001111
01100000000000000000000000011111
11100000000000000000000000111110
11000000000000000000000001111110
11000000000000000000000111001110
11000000000000000000001110001110
11000000000000000000111100001110
11100000000000000011110000001110
01110000000000001111000000011100
00011100000001111100000000011100
00000111111111110000000000011100
00000000000000000000000000011100
00000000000000000000000000011100
00000000000000000000000000011100
00000000000000000000000000011100
00000000000000000000000000111000
00000000000000000000000000111000
00000000000000000000000000111000
00000000000000000000000000111000
00000000000000000000000000111000
00000000000000000000000000111100
00000000000000000000000001111100
00000000000000000000000001111110
00000000000000000000000000111110
00000000000000000000000000111100
