00000000000000111111111111100000
00000000000111111000000001111000
00000000011110000000000000000000
00000001111000000000000000000000
00000111100000000000000000001111
00001110000000000000000000011111
00111100000000000000000001111110
01110000000000000000000111111100
11100000000000000000011111111100
11100000000000000001111001111000
11100000000000000111100011110000
11100000000000011110000011110000
11100000000011111000000111100000
11111000001111100000001111100000
00111111111100000000001111000000
00000111100000000000001111000000
00000000000000000000011111000000
00000000000000000000011111000000
00000000000000000000111111000000
00000000000000000000111111000000
00000000000000000000111111100000
00000000000000000000111111100000
00000000000000000000111111100000
00000000000000000001111111100000
00000000000000000001111111100000
00000000000000000001111111100000
00000000000000000001111111100000
00000000000000000001111111100000
00000000000000000001111111100000
00000000000000000001111111100000
00000000000000000001111111100000
00000000000000000000111100000000
