00000000000111111111111100000000
00000000111111100000001111000000
00000011110000000000000000000000
00001111000000000000000000000000
00011110000000000000000000000000
00011100000000000000000000000000
00111000000000000000000000001100
01110000000000000000000000111110
01110000000000000000000001111110
01100000000000000000000011111110
11100000000000000000001111111100
11100000000000000000011110111100
11100000000000000000111100111100
11100000000000000011110000111100
11100000000000000111100001111100
11100000000000011110000001111100
01110000000000111100000001111100
01110000000011110000000001111000
00111100011111000000000011111000
00001111111100000000000011111000
00000000000000000000000011111000
00000000000000000000000011111000
00000000000000000000000011111000
00000000000000000000000011111100
00000000000000000000000011111100
00000000000000000000000011111100
00000000000000000000000011111100
00000000000000000000000011111100
00000000000000000000000011111100
00000000000000000000000011111110
00000000000000000000000011111110
00000000000000000000000001111111
